-5, -4, -6, -6, -6, -9, -9, -10, -13, -14, -16, -17, -19, -23, -23, -23, -27, -20, -22, -23, -23, -24, -24, -27, -27, -27, -27, -27, -26, -26, -26, -28, -26, -26//0
-4, -3, -4, -3, -4, -5, -6, -5, -5, -7, -8, -8, -10, -14, -14, -17, -11, -14, -16, -18, -20, -20, -20, -22, -23, -23, -24, -23, -23, -25, -23, -24, -26, -23, -26, -28, -26, -29, -29, -29, -28, -31, -30, -30, -29, -31, -30, -30, -30//0
-3, -2, -3, -2, -3, -2, -4, -6, -5, -9, -12, -14, -17, -20, -20, -22, -26, -52, -53, -52, -53, -55, -55, -56, -53, -55, -54, -56, -55//0
-30, -30, -29, -27, -28, -32, -30, -33, -36, -38, -41, -42, -44, -47, -48, -49, -37, -23, -23, -24, -24, -23, -24, -25, -25, -24, -25, -23, -24, -23, -24, -25, -26//0
3, 4, 4, 5, 4, 5, 3, 2, 3, 2, 4, -1, 1, -2, -4, -6, -11, -11, -14, -14, -17, -18, -21, -20, -22, -22, -23, -25, -25, -25, -25, -25, -24, -25, -28, -26, -28, -26, -27, -27, -26//0
1, 0, -1, -2, -2, -3, -4, -7, -8, -12, -12, -12, -16, -17, -21, -20, -23, -19, -22, -23, -24, -24, -25, -25, -29, -26, -27, -29, -27, -28, -29, -30, -30, -29, -35, -36, -36, -36, -36, -36//0
-2, -3, -2, -2, -4, -2, -5, -8, -11, -14, -14, -18, -21, -24, -25, -27, -61, -18, -20, -20, -19, -19, -18, -20, -18, -19, -21, -20, -19, -19, -18, -21, -20, -20//0
-5, -6, -6, -6, -8, -10, -14, -17, -18, -23, -25, -27, -28, -29, -31, -28, -28, -20, -22, -21, -21, -22, -22, -21, -22, -22, -22, -22, -20, -22//0
4, 4, 2, 1, 1, -5, -4, -5, -10, -9, -11, -13, -13, -16, -16, -16, -18, -20, -19, -20, -23, -20, -23, -23, -22, -25, -24, -24, -23, -23, -23//0
1, -2, -3, -2, -7, -10, -11, -14, -15, -19, -22, -24, -24, -25, -26, -27, -29, -44, -45, -44, -46, -45, -46, -43, -46, -48//0
-21, -23, -26, -31, -31, -34, -34, -37, -37, -40, -40, -40, -40, -38, -40, -39, -43, -25, -27, -28, -28//0
-2, -3, -3, -4, -5, -8, -8, -9, -12, -14, -16, -17, -20, -20, -22, -24, -21, -19, -18, -20, -21, -21, -22, -21, -23//0
4, 3, 4, 3, 3, 2, 1, 2, -2, -4, -6, -9, -10, -12, -14, -15, -38, -37, -37, -38, -38, -40, -38, -39, -40, -39//0
-17, -18, -20, -21, -21, -23, -25, -29, -30, -30, -34, -35, -35, -36, -35, -35, -36, -20, -19, -18, -20, -21//0
1, 2, 1, 0, 1, -1, -4, -4, -7, -10, -12, -13, -15, -18, -19, -20, -40, -38, -39, -39, -40, -41, -41, -41, -40, -41//0
-17, -18, -18, -18, -19, -21, -24, -25, -27, -32, -34, -39, -41, -45, -49, -49, -52, -27, -28, -26, -25, -24, -24, -22, -22, -24, -22, -23, -22, -23, -22, -23, -22, -22, -34, -34, -36, -34//0
-4, -3, -3, -3, -6, -4, -8, -11, -13, -17, -16, -19, -22, -25, -26, -29, -60, -58, -60, -58, -57, -57, -57, -57, -57, -56, -57, -57, -57, -57, -57//0
-32, -34, -34, -35, -34, -34, -33, -35, -37, -40, -40, -43, -47, -51, -54, -54, -53, -40, -39, -41, -39, -39, -38, -40, -38, -39, -37, -38, -39, -40, -37//0
-17, -17, -17, -19, -21, -23, -24, -28, -31, -34, -34, -34, -36, -36, -37, -37, -37, -20, -19, -21, -19, -18, -19, -19, -21, -20, -21, -22, -23, -22//0
3, 2, 2, 0, 1, 2, -2, -4, -6, -10, -13, -14, -16, -18, -18, -18, -39, -41, -41, -41, -42, -43, -41, -42, -43, -43, -42, -42, -44, -44, -45, -42//0
-20, -19, -22, -23, -25, -26, -27, -30, -32, -35, -40, -42, -44, -46, -46, -46, -43, -18, -17, -16, -16, -16, -16, -16, -16, -17, -16, -18, -17, -16//0
4, 2, 1, -0, -2, -7, -10, -14, -14, -15, -16, -14, -16, -14, -14, -14, -14, -19, -19, -20, -19, -19, -20, -19, -18, -21, -20, -20//0
-1, -1, 1, -1, -4, -5, -5, -7, -9, -12, -14, -15, -20, -21, -20, -21, -20, -41, -40, -39, -40, -40, -40, -42, -40, -40, -38, -40, -43, -40, -41, -43, -43, -17//0
1, 1, 2, 1, 1, -1, -4, -6, -7, -10, -12, -12, -15, -16, -18, -19, -44, -14, -16, -16, -17, -18, -17, -17, -17, -16, -16, -16, -16, -16, -16, -16, -16, -16, -23, -24, -24//0
-4, -5, -7, -8, -11, -14, -13, -14, -15, -16, -17, -18, -18, -19, -21, -22, -39, -16, -17, -18, -16, -16, -17, -18, -17, -18, -16, -17, -16, -17, -16, -18, -17, -17, -22, -22//0
-6, -6, -9, -11, -15, -15, -15, -16, -19, -18, -18, -20, -20, -18, -18, -20, -20, -22, -22, -23, -22, -23, -23, -24, -21, -25, -24, -24, -24, -24, -22, -23//0
-4, -4, -5, -6, -7, -10, -13, -18, -21, -23, -25, -27, -26, -27, -25, -26, -28, -27, -26, -26, -25, -25, -25, -25, -26, -26, -27, -27, -26, -25, -26, -26//0
-1, -2, -6, -6, -9, -11, -13, -18, -21, -23, -29, -32, -33, -33, -33, -32, -26, -28, -28, -27, -26, -28, -28, -28, -29, -29, -29, -26, -28, -27, -28//0
0, -0, -2, -7, -10, -15, -19, -21, -22, -22, -21, -23, -24, -22, -25, -24, -25, -29, -28, -29, -27, -30, -30, -29, -27, -29, -27, -29, -29, -27, -27, -29, -30, -29, -30, -29, -29, -29, -28, -29, -29, -29, -29, -29, -29, -28, -29, -29, -30, -29, -28, -28, -30, -30, -28, -30, -29, -28, -29, -27, -30, -30, -28, -30, -28, -30, -30, -28, -30, -31, -29, -31, -27, -30, -28, -29, -29, -29, -29, -29, -30, -31, -30, -32, -31, -29, -30, -29, -29, -29, -31, -32, -31, -29, -30, -31, -32, -31, -30, -30, -30, -30, -31, -31, -30, -29, -31, -31, -30, -31, -27, -26, -24, -24, -22, -19, -17, -15, -12, -10, -8, -8, -8, -7, -6, -6, -6, -3, -8, -6, -6, -6, -6, -6, -5, -5, -6, -5, -8, -5, -6, -7, -7, -7, -5, -3, -4, -6, -6, -3, -7, -5, -5, -4, -4, -3, -3, -4, -4, -2, -2, -2, -3, -3, -6, -4, -3, -6, -5, -2, -5, -5, -2, -3, -4, -5, -4, -6, -4, -6, -4, -6, -6, -5, -5, -3, -1, -4, -6, -4, -4, -4, -4, -3, -5, -2, -5, -4, -5, -4, -2, -5, -3, -2, -6, -5, -6, -6, -3, -5, -5, -4, -3, -4, -5, -3, -5, -5, -5, -6, -8, -10, -11, -14, -16, -18, -18, -20, -22, -22, -25, -26, -27, -29, -28, -28, -30, -32, -28, -29, -24, -23, -25, -25, -24, -23, -23, -23, -24, -24, -23, -23, -22, -23, -22//0
-0, -4, -4, -3, -6, -11, -13, -14, -16, -18, -20, -21, -22, -22, -23, -23, -51, -22, -21, -23, -23, -23, -23, -22, -22, -23, -23, -23, -23, -25, -22, -24, -22, -22, -26//0
-3, 0, -1, -1, -2, -2, -3, -4, -6, -7, -9, -11, -14, -17, -18, -19, -46, -17, -20, -21, -20, -22, -23, -21, -21, -20, -21, -21, -21, -20, -19, -19, -20, -21, -28, -29, -29, -29, -29, -29, -28, -28//0
-4, -6, -6, -7, -12, -13, -18, -20, -23, -26, -26, -26, -28, -28, -28, -26, -25, -25, -25, -23, -25, -24, -25, -23, -25, -25, -23, -22, -24, -22, -25, -24, -25, -26, -27, -26//0
-1, -4, -7, -9, -13, -18, -21, -24, -25, -27, -27, -28, -26, -28, -27, -27, -28, -27, -26, -26, -26, -26, -25, -26, -26, -26, -25, -26, -26, -28, -26, -28//0
0, -3, -6, -7, -10, -14, -17, -17, -20, -19, -19, -20, -20, -22, -22, -22, -49, -20, -22, -22, -22, -22, -23, -21, -22, -22, -22, -22, -20, -23, -23, -22, -23, -22, -25, -25, -25//0
-5, -5, -5, -6, -6, -9, -8, -10, -10, -13, -17, -18, -21, -22, -24, -29, -29, -26, -25, -25, -25, -25, -26, -26, -27, -28, -28, -28, -28, -30, -28, -29, -29, -29, -33, -32//0
-10, -12, -15, -15, -15, -17, -19, -21, -26, -26, -32, -34, -36, -37, -39, -39, -40, -31, -33, -33, -33, -33, -32, -33, -34, -32, -32, -32, -33, -31, -31, -30, -31, -31, -42, -38, -39//0
-5, -7, -6, -5, -8, -8, -12, -12, -15, -18, -20, -22, -24, -24, -26, -30, -31, -28, -28, -29, -28, -29, -28, -28, -28, -29, -29, -28, -28, -30, -29, -28, -28, -27, -32, -33, -32, -33, -34, -33, -33, -34, -32, -34//0
-4, -5, -6, -8, -10, -14, -17, -21, -23, -25, -25, -28, -29, -31, -34, -35, -34, -30, -30, -29, -27, -27, -24, -26, -25, -26, -27, -26, -27, -25, -24, -27, -27, -25, -31//0
-4, -4, -2, -3, -8, -9, -14, -17, -20, -22, -22, -23, -22, -22, -26, -29, -33, -33, -33, -31, -30, -28, -25, -25, -28, -26, -28, -30, -32, -33, -36, -36, -33, -34, -33, -33, -32, -32, -33, -33, -33, -34, -33//0
-5, -6, -9, -13, -16, -18, -21, -19, -23, -21, -24, -25, -27, -28, -29, -30, -33, -34, -35, -36, -37, -38, -38, -38, -38, -38, -38, -38, -37, -38, -38, -38, -39, -38, -41, -42, -40, -42, -41, -42, -42//0
-11, -12, -13, -16, -18, -23, -24, -28, -30, -33, -34, -36, -38, -39, -40, -40, -72, -72, -73, -72, -71, -72, -71, -72, -70, -69, -69, -69, -70, -69, -70, -69, -67, -34, -39, -38//0
-10, -13, -16, -14, -17, -21, -23, -24, -26, -28, -31, -34, -35, -38, -39, -39, -39, -66, -66, -66, -68, -66, -66, -66, -66, -66, -67, -66, -67, -66, -66//0
-36, -37, -37, -39, -39, -40, -43, -45, -45, -46, -51, -52, -55, -55, -57, -60, -56, -55, -57, -57, -57, -59, -57, -57, -57, -55, -55, -55, -56, -54, -56, -55, -56, -26//0
-7, -6, -7, -8, -8, -8, -11, -13, -16, -17, -19, -21, -22, -27, -29, -32, -58, -27, -27, -28, -28, -29, -26, -26, -26, -26, -25, -25, -24, -25, -26, -25, -23, -26, -36, -36, -36, -35//0
-9, -11, -13, -14, -17, -20, -25, -26, -28, -31, -33, -34, -31, -32, -32, -31, -31, -29, -29, -28, -28, -28, -28, -29, -30, -27, -28, -27, -28, -27, -27, -28, -30, -27, -31//0
-9, -8, -11, -13, -14, -17, -19, -19, -22, -26, -28, -33, -35, -40, -42, -42, -64, -31, -31, -30, -30, -28, -26, -27, -29, -27, -26, -27, -25, -26, -26, -26, -24, -26, -40//0
-10, -12, -15, -15, -15, -15, -15, -16, -17, -18, -21, -23, -25, -25, -28, -31, -25, -29, -30, -29, -29, -29, -29, -30, -31, -27, -27, -28, -29, -28, -28, -27, -29, -28, -36, -34//0
-8, -8, -11, -12, -13, -16, -19, -19, -21, -22, -23, -25, -26, -27, -28, -30, -33, -31, -33, -35, -37, -34, -36, -37, -34, -33, -33, -33, -33, -32, -33, -33, -34, -32, -37, -39, -39, -37, -38//0
-11, -13, -16, -16, -20, -23, -26, -29, -31, -33, -33, -33, -34, -35, -33, -33, -60, -59, -62, -61, -61, -60, -61, -59, -61, -61, -61, -60, -62, -62, -61, -61, -61, -32, -30//0
-17, -18, -24, -25, -27, -29, -30, -30, -29, -31, -32, -35, -35, -35, -35, -35, -50, -50, -50, -50, -51, -51, -50, -50, -49, -51, -49, -49, -49, -50, -50, -48, -47, -51, -33//0
-18, -17, -18, -21, -24, -24, -27, -29, -31, -32, -34, -35, -35, -35, -33, -33, -33, -31, -30, -31, -31, -31, -32, -31, -32, -32, -32, -32, -32, -32, -33, -32, -31, -33, -36, -39, -38, -39, -40, -41, -39//0
-5, -7, -8, -15, -18, -22, -26, -27, -31, -31, -33, -33, -34, -36, -36, -34, -67, -32, -33, -30, -33, -31, -32, -32, -30, -31, -33, -31, -33, -33, -33, -32, -33, -35//0
-9, -9, -10, -10, -12, -16, -18, -20, -23, -22, -24, -27, -27, -27, -27, -28, -53, -21, -21, -21, -22, -21, -20, -21, -21, -21, -21, -20, -21, -20, -21//0
-1, -1, -4, -4, -6, -8, -11, -10, -11, -14, -16, -20, -19, -21, -20, -21, -41, -42, -41, -41, -42, -41, -44, -41, -43, -43, -41, -42, -41, -43, -44, -43, -40, -20, -24//0
-4, -7, -11, -11, -17, -18, -21, -21, -22, -23, -22, -21, -23, -23, -21, -23, -24, -23, -23, -22, -24, -25, -22, -24, -24, -24, -27, -22, -22//0
-3, -4, -4, -3, -4, -4, -6, -7, -11, -13, -15, -21, -21, -21, -22, -23, -43, -42, -41, -43, -44, -43, -43, -44, -44, -45, -44, -45//0
-28, -29, -35, -39, -43, -45, -45, -42, -44, -42, -42, -40, -43, -42, -43, -41, -43, -20, -24, -22, -20, -22//0
-7, -10, -12, -15, -17, -19, -22, -23, -24, -26, -26, -28, -27, -27, -27, -26, -28, -41, -45, -40, -42, -41, -41, -43, -41, -42, -42, -41//0
-20, -21, -21, -21, -20, -23, -25, -28, -30, -33, -35, -38, -38, -38, -39, -40, -38, -17, -19, -19, -19, -19, -17, -17, -18, -19, -20, -19, -18, -19, -17//0
-0, -0, 1, 1, -0, -0, -3, -5, -7, -10, -14, -15, -18, -19, -19, -19, -20, -39, -36, -38, -39, -36, -38, -38, -37, -37, -37, -38//0
-13, -13, -14, -16, -18, -19, -20, -22, -24, -29, -30, -33, -34, -37, -37, -37, -38, -16, -16, -17, -17, -17, -16, -15, -16, -15, -15, -16, -15, -14, -15//0
4, 4, 2, 1, -1, -4, -6, -9, -13, -12, -13, -15, -13, -13, -15, -15, -13, -21, -20, -22, -22, -23, -20, -22, -21, -22//0
-2, -2, -4, -6, -4, -9, -12, -16, -18, -22, -22, -22, -24, -23, -25, -26, -42, -23, -23, -23, -24, -23, -23, -24, -23, -23, -23, -23, -23, -22, -23, -24, -24, -24, -26, -25//0
-12, -13, -12, -13, -13, -12, -11, -13, -17, -21, -23, -28, -28, -29, -32, -31, -47, -24, -25, -26, -26, -26, -25, -26, -25, -24, -24, -25, -25, -24, -24, -24, -26//0
-1, -3, -5, -7, -12, -12, -14, -14, -16, -14, -16, -16, -16, -15, -15, -15, -37, -23, -24, -24, -23, -24, -24, -23, -24, -24, -23, -24//0
-5, -7, -10, -13, -15, -16, -19, -21, -24, -20, -24, -23, -24, -21, -21, -24, -22, -21, -21, -21, -23, -24, -21, -24, -21, -21, -23//0
-12, -12, -13, -18, -18, -20, -20, -20, -21, -20, -23, -21, -22, -21, -21, -21, -29, -21, -20, -21, -22, -21, -21, -21, -23, -21, -21//0
-9, -11, -15, -18, -21, -25, -24, -26, -26, -26, -26, -27, -28, -27, -27, -28, -39, -38, -38, -39, -38, -40, -39, -41, -38, -40, -41, -40, -38//0
-17, -21, -23, -27, -32, -35, -38, -36, -37, -38, -36, -37, -36, -37, -36, -38, -36, -47, -46, -46, -46, -48, -46, -47, -46, -46, -46//0
-25, -28, -31, -35, -38, -39, -43, -41, -43, -44, -43, -44, -46, -46, -45, -47, -47, -45, -48, -46, -47, -48, -48, -47, -47//0
-32, -32, -33, -37, -39, -39, -41, -39, -41, -41, -42, -42, -43, -42, -42, -42, -44, -21, -22, -21, -23, -21, -22, -21, -23//0
-10, -13, -14, -17, -18, -17, -17, -17, -18, -17, -16, -19, -17, -17, -18, -18, -28, -20, -20, -19, -21, -20, -18, -19, -19//0
-6, -6, -7, -9, -11, -11, -14, -17, -19, -21, -22, -25, -27, -29, -30, -30, -29, -23, -25, -25, -27, -28, -25, -27//0
-12, -17, -20, -20, -23, -24, -28, -27, -27, -27, -27, -28, -26, -28, -27, -28, -28, -32, -34, -34, -34, -33, -34, -34, -33, -31//0
-22, -26, -31, -34, -39, -39, -39, -36, -36, -36, -35, -35, -33, -34, -34, -35, -36, -39, -36, -38, -37, -35, -31//0
-25, -27, -31, -35, -36, -40, -38, -38, -34, -35, -35, -33, -33, -33, -33, -35, -44, -44, -44, -43, -44, -43, -44, -44//0
-30, -33, -35, -37, -40, -41, -43, -44, -46, -47, -46, -47, -47, -45, -45, -45, -45, -35, -35, -35, -32, -32, -33, -32, -29, -27//0
-17, -19, -20, -23, -23, -24, -26, -26, -30, -29, -30, -32, -35, -35, -36, -37, -38, -51, -53, -54, -53, -54, -54, -53, -52, -54, -55, -52, -54, -54, -54//0
-34, -33, -34, -37, -38, -42, -45, -47, -51, -51, -50, -50, -49, -52, -52, -53, -52, -34, -37, -34, -35, -36, -35, -35, -34, -34, -36, -36, -34, -34, -34, -34//0
-6, -8, -13, -16, -20, -22, -25, -28, -31, -32, -34, -33, -31, -32, -31, -34, -33, -29, -30, -31, -33, -32, -32, -31, -31, -33, -32//0
-5, -4, -7, -9, -13, -14, -16, -20, -20, -24, -25, -25, -26, -28, -26, -27, -27, -56, -56, -54, -56, -54, -57, -56, -56, -58, -57, -56, -57, -56, -57//0
-33, -33, -33, -34, -35, -37, -40, -41, -45, -47, -50, -51, -53, -53, -54, -54, -56, -24, -24, -24, -23, -25, -23, -23, -25, -24, -23, -22//0
-4, -7, -10, -10, -11, -16, -16, -16, -19, -19, -20, -21, -22, -21, -22, -23, -19, -25, -26, -26, -26, -25, -24, -26, -24, -26//0
-7, -10, -12, -11, -14, -16, -18, -20, -22, -23, -23, -23, -26, -29, -27, -27, -27, -22, -23, -23, -21, -23, -22, -23, -23, -24//0
-3, -5, -6, -10, -12, -13, -15, -20, -21, -23, -27, -27, -29, -31, -31, -32, -54, -54, -54, -55, -54, -54, -54, -54, -53, -55//0
-25, -26, -27, -29, -30, -34, -34, -37, -41, -42, -43, -46, -46, -46, -49, -48, -48, -29, -29, -29, -29, -28, -29, -29, -30, -29, -29, -29, -29, -29//0
2, -1, -1, -3, -6, -9, -12, -15, -18, -19, -20, -21, -23, -23, -25, -25, -26, -57, -55, -54, -55, -54, -55, -55, -55, -55, -56, -57, -54//0
-31, -32, -35, -38, -42, -45, -46, -50, -52, -54, -56, -56, -59, -59, -58, -57, -51, -28, -29, -28, -28, -29, -28, -28, -29, -28, -30, -28, -29//0
5, 3, 2, 3, -1, -2, -6, -9, -14, -15, -19, -19, -21, -22, -23, -24, -24, -24, -22, -23, -23, -23, -22, -23, -23, -24, -21//0
2, 4, 2, 2, -1, -4, -7, -10, -12, -15, -17, -19, -19, -22, -24, -24, -23, -25, -24, -23, -23, -24, -24, -25, -24, -24, -25, -26, -25, -24, -25, -24, -23, -24, -31, -31//0
-9, -13, -12, -10, -12, -16, -17, -20, -21, -23, -24, -26, -28, -30, -29, -30, -32, -26, -26, -27, -25, -27, -26, -26, -26, -28, -26, -26, -25, -26, -26, -27, -26//0
-5, -6, -8, -11, -13, -16, -16, -19, -20, -22, -25, -26, -28, -28, -27, -29, -28, -23, -24, -26, -24, -25, -24, -24, -24, -27, -26, -25//0
-1, -2, -2, -4, -7, -9, -10, -13, -12, -14, -14, -15, -17, -18, -19, -19, -44, -24, -22, -24, -25, -25, -24, -24, -23, -24, -22//0
-3, -1, -5, -5, -10, -11, -14, -13, -17, -20, -22, -22, -23, -21, -19, -20, -21, -22, -21, -22, -24, -23, -24, -24, -23, -21, -24, -22, -24, -22, -26//0
-1, -6, -12, -18, -22, -26, -29, -28, -29, -30, -29, -31, -31, -28, -27, -30, -27, -30, -32, -32, -31, -31, -30, -30, -30, -32//0
-8, -11, -15, -18, -22, -24, -28, -32, -31, -32, -31, -32, -30, -29, -28, -30, -28, -51, -53, -51, -52, -53, -52, -52, -51, -53//0
-27, -28, -31, -33, -38, -45, -45, -52, -54, -57, -56, -56, -58, -57, -57, -55, -56, -28, -28, -28, -28, -28, -28, -26, -28, -30//0
-3, -6, -9, -13, -14, -18, -20, -22, -21, -21, -22, -23, -21, -22, -21, -23, -49, -25, -26, -24, -25, -25, -24, -26, -24, -25, -26, -26//0
0, 0, -1, -1, 0, -1, -3, -4, -7, -10, -11, -12, -16, -20, -23, -26, -53, -52, -52, -53, -52, -52, -52, -52, -52, -52, -52, -52, -51, -52, -51, -54, -52, -52, -29, -29, -29//0
-4, -3, -1, -3, -1, -2, -1, -3, -2, -2, -3, -1, -2, -2, -3, -3, -30, -7, -9, -13, -16, -20, -20, -26, -25, -27, -25, -25, -26, -25, -25, -24, -25, -25, -24, -24, -25, -25, -24, -25, -23, -24, -24, -26, -23, -24, -23//0
-15, -17, -21, -21, -23, -24, -21, -22, -19, -22, -21, -21, -20, -21, -21, -21, -21, -24, -26, -24, -24, -25, -23, -24, -24, -23, -23, -24, -23, -23, -24, -23//0
-7, -6, -6, -6, -9, -14, -16, -22, -23, -24, -24, -23, -23, -22, -23, -23, -21, -23, -23, -24, -22, -23, -23, -24, -23, -23, -24, -23, -25, -25, -24, -24, -25, -23, -21//0
-2, 0, -2, -1, -3, -4, -8, -8, -12, -12, -14, -13, -16, -15, -17, -15, -16, -14, -13, -14, -13, -14, -13, -14, -12, -14, -13, -14, -13, -11, -12, -12, -13, -12, -17, -17, -17, -17, -17, -20//0
-3, -3, -4, -8, -11, -13, -18, -20, -21, -24, -24, -27, -25, -27, -27, -24, -38, -19, -20, -20, -20, -18, -17, -20, -17, -17, -18, -17, -19, -17, -19, -17, -18, -17, -19//0
-1, -1, -3, -6, -7, -9, -13, -14, -17, -17, -20, -21, -22, -22, -25, -24, -25, -20, -20, -19, -18, -19, -18, -20, -18, -18, -20, -18, -18, -20, -18, -18, -20, -18, -23//0
-6, -10, -12, -16, -19, -19, -21, -22, -24, -24, -24, -25, -24, -26, -25, -27, -26, -26, -27, -27, -26, -27, -28, -26, -26, -27, -27, -28, -26, -27, -27, -26, -28, -26, -28, -30, -28, -28//0
-1, -4, -8, -10, -13, -17, -19, -23, -25, -25, -26, -26, -27, -28, -27, -28, -54, -26, -24, -25, -24, -24, -25, -24, -26, -25, -23, -26, -26, -25, -23, -24, -26, -25, -26//0
-10, -12, -19, -20, -24, -25, -26, -26, -27, -28, -26, -28, -28, -28, -28, -25, -25, -26, -26, -27, -25, -26, -26, -28, -28, -27, -27, -26, -27, -26, -24//0
-6, -10, -12, -17, -20, -22, -25, -25, -28, -28, -28, -26, -26, -25, -26, -26, -48, -27, -25, -28, -26, -27, -28, -27, -28, -27, -26, -27, -29, -28, -26//0
-7, -10, -11, -17, -21, -22, -24, -25, -26, -25, -26, -27, -27, -27, -27, -29, -50, -50, -49, -48, -50, -50, -48, -50, -51, -48, -48, -47, -48, -50, -50, -50, -48, -26, -28, -30//0
-5, -7, -10, -9, -12, -14, -14, -18, -19, -19, -21, -22, -24, -24, -26, -25, -25, -46, -49, -47, -48, -47, -50, -48, -47, -48, -47, -48, -48, -47, -48, -51, -48, -47, -23, -24, -25//0
-1, -5, -8, -11, -14, -17, -19, -21, -22, -24, -26, -24, -28, -28, -29, -30, -28, -26, -26, -25, -24, -22, -25, -26, -23, -24, -26, -24, -24, -25, -23, -24, -23, -26, -30, -28//0
-5, -4, -6, -8, -8, -11, -14, -16, -16, -19, -21, -22, -22, -22, -22, -23, -46, -22, -23, -23, -21, -21, -20, -21, -22, -20, -20, -21, -22, -20, -21, -22, -23//0
-4, -5, -4, -8, -8, -11, -12, -15, -20, -22, -25, -27, -30, -31, -30, -30, -32, -50, -50, -51, -50, -52, -52, -53, -53, -51, -51, -52, -53, -51, -53, -53, -51, -51//0
-14, -15, -16, -16, -18, -20, -25, -28, -29, -33, -34, -38, -39, -41, -42, -43, -43, -34, -34, -34, -33, -33, -34, -33, -33, -33, -33, -34//0
2, 3, 0, 1, 0, -2, -3, -4, -7, -7, -10, -13, -13, -18, -20, -21, -61, -24, -25, -27, -26, -24, -26, -24, -23, -22, -23, -21//0
2, 3, 0, -3, -5, -5, -6, -9, -13, -13, -15, -15, -15, -15, -15, -15, -34, -32, -33, -34, -32, -35, -33, -35, -32, -34, -35, -35, -32, -33, -34, -33, -35, -22//0
-1, -2, -3, -2, -2, -1, -2, -4, -4, -6, -6, -9, -11, -14, -15, -19, -19, -44, -47, -51, -51, -55, -56, -56, -55, -56, -56, -55, -54, -55, -54, -55, -54, -54//0
-7, -9, -10, -12, -13, -14, -18, -20, -23, -26, -29, -29, -29, -26, -27, -28, -29, -27, -28, -27, -30, -31, -35, -36, -36, -40, -39, -40, -38, -38, -37, -34, -36//0
-3, -6, -9, -9, -11, -14, -19, -20, -21, -22, -24, -22, -23, -25, -24, -26, -62, -65, -64, -64, -65, -65, -65, -65, -65, -63, -65, -61, -64, -65, -65, -65, -66//0
-17, -18, -19, -24, -22, -27, -30, -31, -32, -31, -32, -32, -33, -31, -33, -31, -47, -33, -33, -32, -32, -32, -32, -33, -32, -31, -34, -32, -31, -31, -31, -31, -33, -33, -33, -33, -32, -34//0
-9, -11, -14, -17, -21, -22, -22, -25, -23, -22, -22, -22, -25, -26, -26, -26, -28, -24, -23, -23, -23, -25, -24, -23, -27, -23, -22, -23, -24, -24, -23, -24, -23, -23, -27, -26, -29//0
-9, -10, -10, -13, -15, -18, -19, -24, -24, -24, -27, -29, -30, -31, -30, -33, -52, -55, -52, -55, -54, -53, -52, -54, -55, -54, -54, -53, -53, -52, -52, -52, -53, -32, -35, -36//0
-10, -13, -16, -18, -19, -23, -23, -23, -23, -22, -23, -23, -26, -27, -27, -29, -56, -26, -28, -26, -27, -28, -30, -31, -31, -31, -33, -33, -34, -33, -34, -32, -33//0
-5, -6, -8, -11, -12, -16, -21, -21, -21, -21, -22, -24, -24, -25, -25, -29, -59, -26, -29, -28, -30, -29, -31, -29, -30, -31, -30, -32, -31, -31, -31, -32, -32, -32, -35, -36, -34, -34, -35, -35, -35, -34, -36, -35, -35, -34, -36, -36, -34//0
-6, -6, -7, -9, -11, -11, -13, -15, -17, -16, -20, -20, -26, -30, -31, -34, -36, -29, -24, -25, -24, -24, -23, -22, -22, -23, -24, -24, -27, -27, -24, -26, -24, -25, -33, -33, -31, -33, -33, -33, -34, -33, -32//0
-9, -13, -18, -26, -26, -25, -27, -26, -27, -26, -28, -28, -30, -30, -30, -33, -57, -31, -31, -31, -32, -31, -31, -32, -34, -32, -33, -34, -33, -31, -31, -34, -31//0
-7, -9, -12, -16, -17, -18, -23, -22, -23, -24, -25, -25, -24, -27, -26, -26, -54, -55, -58, -58, -61, -61, -63, -63, -62, -63, -64, -65, -63, -62, -64, -62, -63, -63, -37, -36//0
-9, -9, -11, -13, -17, -20, -24, -28, -32, -35, -37, -37, -35, -36, -36, -37, -36, -33, -36, -38, -39, -39, -41, -40, -40, -41, -41, -42, -39, -40, -39, -42, -40, -41, -42//0
-11, -14, -17, -20, -24, -28, -28, -28, -26, -27, -28, -28, -28, -31, -30, -33, -64, -32, -34, -35, -35, -37, -37, -38, -38, -37, -37, -38, -38, -37, -37, -39, -40, -43, -45, -43//0
-8, -10, -10, -16, -19, -21, -24, -22, -25, -25, -25, -27, -28, -27, -28, -30, -33, -34, -35, -35, -34, -35, -33, -35, -33, -33, -35, -34, -35, -33, -34, -35, -35, -34, -37//0
-18, -21, -22, -25, -28, -29, -32, -36, -37, -37, -39, -39, -39, -41, -41, -41, -41, -38, -39, -39, -39, -39, -38, -39, -38, -38, -39, -39, -39, -39, -39, -39//0
-14, -18, -18, -19, -22, -25, -25, -25, -25, -28, -30, -31, -34, -34, -34, -34, -36, -33, -32, -32, -35, -33, -35, -33, -35, -35, -35, -34, -34, -35, -35, -35, -34, -34, -37//0
-17, -20, -23, -26, -29, -32, -32, -34, -37, -38, -37, -40, -39, -39, -40, -38, -40, -38, -35, -37, -37, -35, -36, -37, -37, -37, -35, -35, -37, -35, -34, -35, -35, -36, -35, -36, -37//0
-4, -4, -8, -11, -15, -19, -21, -26, -27, -28, -30, -31, -33, -33, -33, -35, -67, -70, -67, -69, -70, -72, -72, -70, -72, -73, -72, -72, -73, -73, -73, -73, -73, -39, -40, -39//0
-15, -19, -23, -26, -30, -32, -35, -36, -33, -35, -37, -35, -38, -38, -38, -39, -63, -36, -36, -34, -36, -36, -35, -36, -36, -37, -36, -37, -35, -36, -34, -32//0
-10, -11, -12, -16, -19, -19, -22, -24, -26, -28, -27, -27, -28, -29, -30, -32, -33, -33, -34, -33, -34, -34, -33, -34, -33, -34, -34, -32, -34, -32, -34, -34, -34//0
-8, -13, -15, -18, -19, -20, -24, -26, -28, -30, -29, -31, -31, -32, -34, -33, -34, -32, -33, -33, -34, -31, -33, -32, -32, -32, -32, -32, -31, -33, -32, -32, -32//0
-10, -13, -18, -19, -21, -25, -26, -29, -29, -31, -32, -32, -31, -32, -32, -35, -32, -36, -35, -36, -36, -34, -34, -35, -36, -35, -35, -34, -35, -36, -36, -35, -34, -36//0
-17, -19, -20, -23, -25, -29, -29, -29, -32, -32, -32, -34, -32, -32, -33, -34, -56, -55, -55, -53, -57, -56, -56, -56, -57, -56, -57, -57, -57, -56, -56, -56, -56, -35, -35//0
-12, -15, -16, -20, -22, -27, -28, -30, -32, -32, -34, -36, -38, -38, -39, -40, -40, -36, -34, -35, -36, -34, -36, -36, -34, -35, -37, -36, -36, -35//0
-7, -9, -11, -13, -17, -19, -21, -25, -26, -28, -31, -29, -29, -26, -27, -26, -26, -30, -32, -32, -33, -33, -35, -36, -37, -37, -35, -33, -36, -35, -36, -37, -36, -34, -35, -37, -34, -35, -33, -35, -35, -35, -35, -35, -34//0
-9, -9, -9, -11, -10, -13, -15, -16, -17, -18, -21, -21, -24, -23, -24, -27, -29, -56, -55, -56, -55, -56, -57, -58, -56, -58, -58, -57, -60, -59, -58, -59, -58//0
-9, -8, -12, -10, -11, -13, -16, -19, -22, -24, -26, -30, -28, -31, -33, -34, -33, -31, -31, -31, -30, -31, -30, -31, -29, -29, -28, -29, -28, -29, -30//0
-5, -5, -7, -10, -13, -16, -19, -20, -22, -24, -25, -26, -26, -24, -25, -25, -24, -31, -33, -31, -31, -32, -34, -31, -33, -32, -31, -33, -33, -31, -31, -32, -31, -32, -32, -34//0
-14, -15, -17, -18, -18, -19, -23, -25, -27, -27, -28, -32, -33, -37, -40, -40, -62, -35, -35, -35, -31, -32, -30, -30, -32, -32, -32, -31, -31, -32, -30, -30, -32, -31//0
-4, -7, -7, -9, -12, -15, -17, -23, -23, -22, -23, -26, -26, -27, -25, -26, -26, -21, -22, -21, -22, -21, -20, -21, -23, -22, -24, -23, -21//0
-1, -3, -4, -6, -12, -12, -17, -15, -20, -21, -21, -21, -21, -23, -23, -23, -24, -21, -24, -24, -23, -24, -21, -25, -24, -23, -24, -23, -24, -22, -24, -24, -22//0
-6, -6, -7, -4, -4, -6, -6, -6, -6, -9, -11, -12, -15, -16, -20, -23, -26, -45, -47, -47, -47, -47, -45, -46, -47, -49, -47, -47, -48, -49, -48, -48//0
-21, -24, -22, -22, -22, -23, -22, -22, -25, -24, -26, -29, -33, -35, -38, -41, -30, -17, -17, -20, -20, -20, -20, -19, -21, -20, -21, -19, -20, -19, -19, -20, -20, -23, -28, -29, -27, -28, -29, -27//0
-2, -3, -4, -6, -8, -12, -16, -22, -22, -23, -28, -28, -29, -29, -26, -29, -28, -22, -23, -22, -22, -23, -23, -23, -22, -23, -22//0
3, 1, -5, -6, -11, -11, -16, -18, -20, -21, -23, -23, -20, -20, -22, -23, -20, -24, -26, -28, -26, -25, -26, -27, -25, -25, -26, -26, -26//0
-2, -3, -4, -6, -9, -10, -14, -16, -16, -17, -19, -22, -21, -20, -20, -22, -44, -19, -20, -18, -19, -20, -19, -22, -19, -19, -19, -20, -19, -20, -21, -18//0
-0, 1, -0, -2, -2, -8, -10, -10, -12, -16, -16, -17, -18, -19, -19, -20, -19, -20, -20, -23, -22, -22, -24, -22, -23, -23, -23, -24, -23, -21, -23, -23, -22//0
2, 2, 3, 2, 2, 1, -1, -1, -3, -6, -6, -6, -7, -7, -8, -9, -32, -12, -14, -13, -14, -15, -17, -19, -19, -19, -20, -20, -22, -22, -23, -24, -23, -25, -24, -22, -22, -22, -22//0
1, -2, -1, -1, -2, -3, -3, -3, -6, -8, -8, -11, -13, -14, -16, -16, -13, -12, -12, -12, -12, -13, -12, -12, -14, -13, -13, -13, -13, -14, -14, -13, -13, -14, -19, -20, -18//0
-4, -3, -5, -4, -7, -8, -9, -11, -14, -15, -18, -19, -21, -21, -20, -20, -35, -13, -16, -14, -14, -17, -14, -15, -17, -14, -16, -15, -14, -16, -16//0
4, 2, 0, -2, -4, -8, -12, -16, -19, -20, -21, -21, -21, -20, -22, -21, -22, -24, -25, -24, -24, -25, -24, -26, -26, -26, -25, -26//0
-1, -3, -5, -8, -10, -13, -15, -18, -19, -19, -22, -21, -20, -22, -23, -23, -45, -24, -22, -21, -21, -21, -21, -22, -22, -24, -22, -21, -22, -22, -24, -23, -24, -24, -27, -27, -25, -28, -28, -29, -29, -28, -28, -25, -23, -19, -16, -14, -11, -9, -5, -9, -9, -10, -8, -6, -8, -7, -6, -7, -9, -8, -6, -8, -8, -6, -7, -14, -1, -1, -3, -2, -1, -1, -5, -4, -5, -9, -11, -13, -14, -17, -18, -20, -20, -14, -15, -16, -17, -17, -17, -19, -18, -18, -19, -18, -20, -19, -20, -19//0
5, 4, 6, 2, 3, -0, 1, -5, -5, -10, -10, -13, -15, -16, -16, -17, -18, -19, -18, -20, -19, -18, -18, -21, -18, -19, -17, -20, -21, -20, -20, -21//0
4, 1, 1, -1, -3, -5, -8, -10, -11, -15, -17, -18, -19, -20, -18, -20, -42, -41, -42, -42, -41, -42, -42, -42, -42, -42, -43, -43, -42//0
-22, -22, -22, -26, -27, -29, -31, -34, -34, -34, -36, -36, -38, -36, -37, -38, -21, -21, -22, -24, -21, -22, -21, -23, -21, -22, -21, -22, -22//0
1, -3, -4, -6, -5, -9, -11, -13, -16, -16, -16, -18, -19, -21, -20, -20, -43, -21, -19, -20, -21, -21, -20, -22, -21, -22, -20, -22, -21//0
1, 1, -1, -2, -4, -7, -9, -11, -13, -14, -14, -17, -18, -17, -18, -19, -19, -20, -19, -19, -19, -19, -20, -20, -20, -20, -20, -23, -22, -20//0
-2, -2, -4, -3, -5, -7, -11, -11, -14, -14, -15, -18, -20, -20, -20, -21, -21, -20, -20, -21, -22, -21, -22, -21, -20, -22, -21, -22, -19, -20, -22, -21, -20//0
5, 4, 6, 4, 3, -0, -1, -4, -8, -8, -12, -14, -15, -18, -18, -17, -48, -16, -14, -16, -17, -14, -15, -16, -17, -14, -15, -14, -14, -16, -14, -15, -14, -14, -25//0
-7, -7, -9, -8, -10, -15, -18, -21, -26, -29, -35, -38, -41, -42, -41, -43, -44, -59, -61, -61, -59, -59, -61, -62, -62, -64, -62, -58, -58, -56, -56, -54, -56, -53//0
-10, -13, -12, -13, -17, -19, -23, -27, -30, -35, -38, -39, -38, -36, -36, -35, -31, -31, -31, -31, -33, -31, -31, -33, -32, -33, -31, -31, -31, -30//0
-14, -16, -17, -22, -24, -26, -28, -28, -30, -31, -29, -30, -31, -32, -31, -29, -28, -27, -25, -27, -22, -25, -22, -22, -25, -23, -24, -24, -23, -24, -25, -25, -25//0
-4, -4, -2, -4, -4, -5, -7, -9, -12, -11, -14, -16, -16, -20, -22, -24, -52, -53, -55, -55, -54, -54, -55, -52, -53, -52, -55, -54, -53, -53, -52, -54, -55, -52, -29, -30, -27, -28, -30, -29, -27, -28, -28, -30, -29//0
-7, -7, -7, -7, -7, -10, -9, -12, -13, -17, -20, -22, -27, -29, -34, -38, -39, -28, -25, -24, -24, -22, -21, -22, -22, -20, -21, -21, -21, -21, -20, -20, -22, -22, -31, -31, -31, -32, -32//0
-8, -9, -7, -7, -8, -7, -10, -9, -10, -14, -17, -19, -22, -26, -28, -31, -55, -22, -22, -20, -19, -17, -17, -17, -17, -17, -19, -21, -20, -21, -20, -21, -21, -35, -30, -30, -28, -29, -27, -29//0
-2, -3, -3, -3, -4, -5, -7, -7, -10, -10, -12, -15, -17, -19, -22, -25, -24, -25, -27, -29, -31, -34, -34, -32, -31, -31, -32, -34, -32, -32, -31, -31, -31, -32, -37, -38, -38, -37, -37, -38, -37//0
-6, -8, -9, -8, -9, -9, -10, -12, -13, -17, -17, -19, -22, -23, -26, -29, -64, -26, -28, -28, -30, -30, -26, -27, -27, -27, -28, -30, -28, -29, -28, -31, -27, -27, -35, -35, -35, -36, -36//0
-7, -7, -7, -7, -6, -5, -7, -7, -6, -9, -11, -13, -16, -21, -24, -26, -27, -19, -20, -20, -19, -19, -18, -18, -18, -19, -20, -21, -20, -21, -20, -23, -22, -23, -31//0
-4, -6, -4, -6, -4, -4, -7, -10, -10, -14, -13, -17, -20, -23, -28, -30, -58, -28, -30, -30, -31, -31, -30, -28, -25, -27, -25, -24, -24, -23, -24, -21, -24, -23, -36, -36, -36, -35, -35, -35, -37//0
-10, -11, -10, -11, -11, -10, -11, -10, -11, -11, -12, -11, -14, -13, -15, -17, -42, -15, -16, -18, -21, -23, -25, -26, -28, -31, -33, -30, -30, -30, -30, -30, -33, -33, -31, -32, -30, -31, -34, -34, -33, -34, -34, -33//0
-4, -6, -6, -8, -10, -10, -14, -15, -19, -19, -21, -22, -21, -19, -21, -18, -19, -23, -21, -23, -23, -24, -25, -24, -24, -26, -23, -25, -25, -26, -26, -27, -24, -26, -25, -25, -24, -25, -26, -27, -30, -30//0
-5, -3, -7, -7, -9, -10, -16, -16, -16, -23, -25, -27, -30, -33, -35, -37, -39, -32, -34, -34, -33, -31, -32, -32, -33, -29, -31, -29, -29, -29, -29, -30, -29, -29, -41, -41, -41//0
-9, -9, -7, -8, -8, -8, -9, -11, -12, -12, -13, -15, -14, -18, -15, -17, -48, -47, -50, -50, -50, -50, -53, -53, -53, -53, -53, -54, -58, -58, -60, -61, -64, -31, -32, -32, -29, -30, -31, -31, -29, -30, -29, -28, -29, -29, -29, -29, -29, -30, -25, -31, -31, -32, -32, -34//0
-8, -7, -7, -10, -11, -14, -16, -20, -25, -28, -32, -33, -37, -40, -43, -46, -70, -35, -38, -40, -43, -41, -41, -41, -36, -35, -37, -36, -35, -35, -37, -38, -35, -35, -48, -49, -47, -46, -45, -43, -43, -43, -44, -42, -42//0
-11, -10, -10, -12, -13, -15, -14, -19, -19, -24, -28, -35, -41, -48, -53, -54, -57, -31, -28, -25, -20, -18, -14, -15, -14, -14, -14, -14, -14, -14, -13, -15, -15, -14, -36, -36, -36, -36//0
-7, -9, -10, -11, -13, -15, -16, -19, -21, -25, -27, -27, -30, -34, -38, -38, -38, -28, -28, -27, -28, -27, -28, -28, -28, -27, -28, -26, -30, -30, -28, -28, -30, -28, -36, -34//0
-7, -10, -11, -12, -15, -16, -19, -20, -22, -25, -27, -30, -34, -34, -33, -36, -34, -32, -31, -31, -31, -31, -30, -31, -31, -31, -31, -31, -31, -31, -31, -31, -31, -31, -37, -35, -36//0
-6, -5, -5, -8, -7, -8, -9, -11, -11, -15, -16, -17, -19, -22, -23, -25, -26, -21, -21, -23, -24, -24, -23, -24, -24, -24, -23, -24, -25, -26, -24, -24, -27, -27, -31, -31, -33, -30, -31, -30, -30, -31, -31, -31, -33, -31, -33, -31, -32, -33, -35, -34, -34, -34, -34, -35//0
-10, -11, -9, -11, -13, -13, -15, -19, -20, -21, -23, -25, -25, -28, -28, -32, -58, -29, -31, -34, -33, -32, -36, -34, -34, -32, -34, -35, -34, -32, -33, -34, -35, -34, -40//0
-9, -10, -11, -12, -14, -15, -17, -17, -19, -20, -22, -25, -27, -28, -30, -31, -36, -67, -66, -69, -70, -69, -70, -72, -72, -72, -72, -71, -72, -72, -72, -72, -70, -69, -39, -39, -38, -40//0
-9, -8, -8, -8, -11, -13, -12, -12, -15, -15, -17, -18, -18, -18, -23, -24, -24, -24, -24, -26, -28, -31, -33, -34, -33, -35, -35, -36, -34, -34, -34, -35, -34//0
-2, -4, -3, -5, -6, -7, -8, -8, -9, -13, -13, -15, -17, -17, -19, -20, -24, -25, -24, -25, -28, -31, -31, -31, -31, -33, -32, -34, -32, -31, -31, -31, -31, -30//0
-6, -7, -6, -7, -7, -8, -10, -9, -10, -12, -15, -15, -17, -20, -20, -22, -55, -18, -19, -23, -23, -25, -25, -24, -25, -28, -27, -25, -25, -27, -25, -25, -25//0
-3, -4, -6, -9, -7, -9, -10, -13, -14, -16, -15, -20, -19, -23, -23, -25, -26, -24, -26, -27, -29, -29, -32, -30, -33, -33, -34, -31, -33, -33, -34, -31, -33, -31, -34//0
-12, -11, -12, -14, -14, -14, -17, -21, -25, -30, -32, -38, -41, -43, -43, -43, -42, -30, -31, -30, -30, -30, -31, -28, -29, -28, -28, -27, -28, -27, -28, -28, -26, -25, -38, -37, -37, -37, -38, -37, -37, -36//0
-8, -12, -14, -14, -16, -17, -20, -22, -24, -27, -30, -33, -33, -36, -34, -34, -32, -26, -27, -26, -26, -26, -27, -26, -26, -26, -25, -25, -27, -27, -28, -29, -30, -29, -36//0
-13, -16, -17, -19, -22, -26, -27, -29, -31, -34, -34, -33, -34, -32, -33, -31, -27, -26, -26, -26, -26, -25, -26, -25, -23, -26, -28, -28, -29, -31, -32, -31, -33, -32, -29, -29, -29, -29//0
-6, -7, -10, -12, -17, -19, -22, -26, -28, -31, -35, -37, -39, -43, -41, -43, -64, -61, -61, -61, -60, -61, -61, -61, -59, -58, -58, -58, -57, -57, -57, -56, -55//0
-9, -9, -12, -12, -14, -16, -18, -23, -23, -27, -27, -29, -30, -34, -35, -37, -66, -26, -28, -27, -31, -30, -28, -28, -27, -25, -26, -27, -25, -27, -26, -24, -27, -25, -37, -34//0
-11, -13, -12, -16, -19, -20, -22, -23, -23, -25, -25, -27, -28, -30, -31, -31, -26, -28, -29, -29, -29, -31, -31, -31, -34, -35, -35, -35, -34, -34, -34, -35, -33, -34, -39, -38, -37, -37, -38, -39//0
-10, -14, -13, -18, -20, -22, -25, -25, -29, -30, -31, -33, -35, -33, -34, -32, -63, -33, -34, -33, -34, -34, -34, -33, -34, -34, -32, -34, -34, -35, -35, -33, -33, -33, -35, -34//0
-13, -14, -15, -17, -18, -20, -22, -23, -26, -26, -28, -29, -28, -29, -31, -32, -58, -58, -60, -62, -64, -65, -67, -65, -67, -70, -70, -68, -69, -70, -69, -68, -67, -41, -43, -42, -43, -43, -45, -43, -43, -43, -43//0
-5, -6, -9, -12, -16, -19, -21, -24, -24, -25, -27, -25, -26, -25, -27, -26, -27, -26, -27, -24, -27, -25, -25, -27, -26, -27, -24, -26, -27, -25, -27//0
-12, -17, -21, -25, -29, -31, -29, -30, -31, -31, -30, -30, -30, -30, -30, -31, -32, -32, -33, -32, -34, -33, -33, -34//0
-10, -9, -11, -10, -13, -16, -21, -20, -24, -27, -31, -30, -31, -31, -32, -31, -53, -25, -26, -26, -25, -27, -27, -25, -28, -26, -27, -26//0
-5, -3, -6, -9, -14, -17, -20, -25, -25, -28, -28, -31, -29, -28, -29, -28, -26, -30, -30, -28, -31, -31, -31, -30, -30, -30, -31, -31, -29, -32//0
-4, -4, -4, -2, -5, -5, -6, -9, -12, -15, -18, -20, -22, -24, -24, -24, -53, -53, -51, -53, -53, -51, -53, -53, -53, -53, -53, -53, -52, -54, -53, -53, -52, -20, -26, -28, -28//0
-6, -7, -7, -6, -6, -8, -8, -9, -12, -13, -17, -17, -20, -20, -21, -22, -21, -18, -17, -15, -17, -16, -18, -16, -15, -14, -15//0
2, 1, -1, -5, -8, -13, -15, -16, -20, -20, -20, -22, -20, -19, -19, -19, -39, -25, -24, -25, -26, -26, -26, -25, -25, -26, -26, -25, -26, -26, -26, -26, -25, -26, -26, -25, -26, -23, -24, -26, -24, -24, -24, -24//0
-5, -7, -6, -6, -6, -6, -6, -7, -5, -7, -6, -6, -8, -5, -6, -6, -9, -10, -11, -13, -18, -18, -22, -24, -23, -24, -24, -24, -26, -24, -24, -25, -25, -24, -23, -23, -24, -24, -25, -23, -25, -25, -25, -24//0
-3, -4, -5, -6, -6, -8, -9, -11, -13, -14, -17, -22, -24, -24, -25, -25, -25, -47, -47, -46, -46, -45, -46, -45, -45, -45, -46, -46, -49, -46, -47, -47, -46, -45, -24, -22, -23, -24, -24, -24, -24, -25, -24//0
-3, -3, -5, -5, -9, -8, -11, -11, -11, -13, -14, -14, -14, -17, -18, -19, -21, -18, -21, -20, -20, -20, -22, -21, -20, -22, -21, -21, -20, -20, -20, -20, -20, -20, -27, -27, -27, -28, -26, -27, -24, -27, -24, -25, -26, -26//0
-11, -9, -12, -12, -11, -12, -12, -13, -13, -17, -19, -21, -25, -26, -27, -28, -27, -19, -18, -19, -18, -20, -19, -20, -21, -20, -20, -20, -19, -20, -20, -19, -20, -19, -27, -27//0
-8, -8, -5, -7, -9, -10, -10, -12, -13, -16, -17, -18, -20, -20, -19, -22, -39, -19, -21, -21, -18, -19, -20, -19, -20, -18, -20, -20, -19, -18, -18, -19, -21, -21//0
-12, -11, -15, -20, -21, -23, -23, -25, -24, -24, -23, -24, -23, -23, -23, -22, -22, -25, -23, -24, -23, -25, -24, -25, -24, -23, -25//0
-10, -11, -12, -16, -19, -22, -22, -23, -24, -24, -26, -26, -25, -25, -24, -24, -25, -23, -24, -24, -23, -22, -24, -24, -23, -26, -24, -24//0
-6, -5, -10, -11, -15, -17, -19, -18, -21, -21, -21, -21, -21, -20, -21, -23, -39, -23, -24, -21, -23, -24, -23, -24, -23, -23, -23, -25, -24//0
-11, -12, -14, -17, -18, -21, -23, -23, -24, -25, -24, -26, -25, -24, -25, -25, -36, -25, -25, -25, -25, -25, -25, -25, -25, -25, -26, -25, -27, -28//0
-8, -12, -13, -16, -19, -22, -23, -23, -23, -25, -25, -25, -26, -25, -25, -26, -25, -23, -24, -24, -25, -24, -24, -24, -24, -23, -24, -24, -24, -26, -26, -24, -24, -24//0
-4, -7, -9, -12, -13, -14, -16, -20, -20, -20, -18, -18, -18, -18, -20, -20, -20, -22, -23, -22, -22, -23, -22, -21, -20//0
-5, -5, -5, -5, -6, -9, -12, -14, -17, -18, -18, -22, -20, -21, -22, -20, -20, -36, -37, -36, -37, -36, -33, -36, -36, -36, -37, -36, -36, -36, -37, -37, -36, -37, -19, -22, -19, -19, -19, -22, -21//0
-3, -2, -5, -8, -11, -13, -14, -16, -18, -18, -16, -19, -19, -18, -17, -19, -19, -19, -20, -18, -19, -19, -18, -18, -19, -19, -19, -19, -20, -20, -20, -19, -17, -19, -18, -19, -20//0
0, -2, -6, -10, -12, -17, -18, -20, -23, -22, -21, -22, -21, -20, -23, -20, -20, -23, -21, -22, -21, -21, -22, -21, -21, -23, -24, -21, -21, -22, -21, -24, -24, -23//0
-3, -4, -6, -8, -9, -12, -15, -15, -20, -20, -18, -19, -21, -19, -19, -20, -38, -19, -19, -17, -19, -19, -21, -19, -20, -20, -19, -22, -20, -19, -19, -20, -20//0
0, -1, -1, -3, -4, -5, -10, -12, -14, -16, -17, -20, -21, -21, -24, -22, -22, -15, -16, -16, -15, -15, -16, -15, -15, -17, -15, -16, -16, -17, -18, -18, -15, -16, -21, -21//0
-3, -4, -7, -5, -5, -7, -8, -10, -13, -15, -17, -20, -21, -20, -19, -21, -21, -19, -19, -19, -21, -21, -19, -21, -21, -21, -20, -21, -19, -21, -21, -21, -22, -22//0
-9, -6, -8, -10, -12, -15, -18, -21, -24, -24, -24, -24, -21, -22, -24, -21, -23, -37, -36, -37, -36, -36, -37, -35, -37, -36, -37, -34, -37, -38, -37, -36, -37//0
-5, -5, -8, -8, -14, -17, -19, -22, -22, -23, -23, -22, -22, -23, -23, -23, -38, -22, -22, -22, -22, -22, -23, -21, -22, -22, -23, -22, -21, -23, -22//0
-7, -8, -9, -10, -13, -15, -19, -19, -21, -27, -29, -31, -34, -33, -38, -36, -54, -31, -30, -30, -29, -28, -28, -31, -33, -36, -36, -38, -35, -36, -34, -33//0
3, 1, -2, -4, -10, -13, -15, -21, -22, -25, -28, -28, -28, -28, -30, -28, -26, -33, -32, -32, -33, -33, -34, -33, -33, -33, -32, -33, -34//0
-7, -7, -7, -8, -10, -15, -16, -16, -19, -22, -24, -27, -28, -31, -32, -34, -60, -62, -60, -60, -61, -62, -61, -60, -63, -63, -63, -63, -64//0
-33, -34, -37, -36, -39, -40, -42, -45, -45, -47, -51, -54, -56, -56, -60, -60, -55, -34, -33, -34, -34, -33, -35, -37, -37, -37, -39, -39, -40, -40, -40, -40, -40, -40, -43//0
-9, -8, -10, -11, -11, -14, -17, -17, -20, -21, -25, -28, -30, -32, -34, -35, -71, -33, -32, -33, -35, -32, -32, -34, -33, -34, -35, -32, -34, -35, -35//0
0, -1, -4, -7, -10, -9, -16, -17, -21, -21, -23, -23, -24, -24, -22, -20, -21, -23, -25, -28, -28, -27, -26, -27, -27, -26, -28, -27, -28, -27, -28//0
-9, -11, -12, -13, -19, -20, -22, -26, -30, -34, -37, -41, -45, -46, -47, -48, -49, -41, -38, -36, -36, -38, -37, -39, -36, -36, -36, -39, -39, -39, -39//0
4, 4, 7, 2, 1, -1, -2, -4, -6, -8, -10, -10, -13, -13, -15, -16, -16, -22, -22, -24, -25, -25, -28, -28, -28, -26, -28, -25, -28, -28, -28, -25, -28, -28, -32, -32, -33//0
-10, -11, -11, -14, -15, -19, -23, -28, -30, -34, -38, -39, -42, -39, -42, -42, -41, -37, -37, -35, -35, -37, -36, -36, -37, -36, -40, -44, -47, -46//0
1, 2, 1, -3, -5, -9, -9, -12, -15, -17, -18, -20, -23, -22, -22, -24, -59, -57, -58, -59, -60, -59, -60, -59, -59, -57, -60, -60, -59, -60, -60, -60, -60, -26//0
-5, -4, -5, -6, -8, -11, -11, -11, -16, -17, -19, -22, -23, -23, -25, -24, -26, -20, -21, -22, -21, -20, -21, -22, -21, -24, -23, -23, -22, -21, -24, -22, -24, -22, -27, -28, -29, -27//0
-4, -5, -7, -7, -10, -14, -16, -16, -19, -22, -24, -24, -27, -29, -30, -27, -30, -21, -21, -18, -22, -22, -21, -21, -21, -22, -22, -22, -22, -23, -22, -22, -23, -24, -27, -27//0
-4, -3, -4, -5, -6, -7, -8, -10, -12, -16, -17, -20, -20, -21, -23, -24, -22, -18, -19, -19, -21, -19, -19, -20, -20, -18, -19, -22, -22, -22, -23, -22, -23, -22, -26, -26, -26, -28, -28, -26, -26, -26//0
-4, -3, -4, -6, -6, -11, -10, -12, -17, -18, -18, -22, -24, -24, -25, -26, -25, -24, -21, -22, -22, -20, -22, -22, -23, -23, -22, -24, -23, -22, -22, -22, -22, -22, -30, -30, -27//0
-5, -7, -6, -9, -7, -9, -12, -14, -16, -18, -21, -23, -24, -24, -27, -25, -26, -21, -20, -20, -20, -19, -19, -19, -19, -20, -21, -21, -22, -21, -22, -23, -19, -21, -27, -27, -27//0
-3, -4, -5, -8, -10, -12, -14, -17, -22, -20, -24, -23, -25, -25, -26, -26, -47, -49, -49, -49, -49, -51, -49, -48, -51, -49, -48, -48, -49, -49, -50, -49, -52, -22, -26//0
-7, -6, -9, -12, -12, -15, -18, -21, -21, -25, -26, -26, -26, -26, -26, -27, -46, -47, -47, -46, -46, -48, -46, -45, -47, -46, -47, -48, -48, -47, -47, -48, -47, -25, -26, -26//0
-4, -4, -3, -5, -7, -9, -13, -14, -17, -20, -20, -23, -24, -23, -25, -24, -21, -24, -21, -22, -21, -24, -23, -24, -22, -24, -24, -22, -23, -23, -23, -24, -22, -26, -29//0
-4, -6, -8, -10, -12, -14, -17, -17, -22, -25, -26, -26, -27, -27, -26, -28, -27, -24, -26, -23, -24, -26, -27, -26, -25, -25, -26, -26, -26, -24//0
-3, -7, -8, -9, -12, -13, -16, -17, -17, -20, -19, -19, -20, -21, -24, -23, -45, -45, -45, -43, -44, -44, -44, -46, -46, -45, -44, -46, -45, -44, -44, -44, -45, -22, -26, -26, -26, -26//0
-6, -8, -11, -13, -15, -18, -21, -21, -22, -23, -24, -24, -24, -24, -24, -23, -47, -44, -44, -47, -46, -44, -45, -45, -44, -43, -44, -45, -44, -45, -45, -44//0
-27, -31, -34, -36, -40, -44, -44, -46, -45, -46, -44, -47, -46, -46, -48, -47, -47, -26, -26, -28, -26, -26, -26, -26, -26, -29, -26, -26, -26, -26, -26, -25, -27, -27, -26, -24, -25//0
-1, -2, -4, -7, -9, -12, -15, -16, -19, -22, -24, -25, -26, -29, -27, -28, -53, -56, -55, -55, -54, -55, -55, -55, -54, -55, -55, -55, -53, -53, -52, -53, -55, -25, -27//0
-6, -6, -9, -10, -14, -15, -17, -20, -23, -25, -25, -26, -27, -28, -27, -29, -25, -27, -28, -27, -29, -26, -28, -29, -27, -27, -28, -26, -28, -28, -27, -26//0
-5, -5, -8, -11, -13, -13, -16, -19, -22, -24, -25, -25, -25, -25, -26, -27, -27, -46, -47, -48, -48, -48, -49, -49, -49, -47, -50, -50, -48, -49, -48, -49, -50, -50, -33, -31, -32//0
-23, -25, -29, -29, -29, -30, -34, -38, -40, -39, -40, -40, -42, -40, -38, -40, -38, -40, -39, -39, -39, -39, -39, -37, -35, -34, -31, -33, -31, -29, -30, -31, -28, -28, -32, -34, -32, -30, -30, -26, -27, -23, -22, -19, -18, -18, -16, -14, -13, -13, -10, -12, -12, -12, -13, -11, -11, -11, -12, -10, -11, -11, -13, -16, -16, -17, -21, -23, -19, -20, -22, -24, -25, -25, -27, -28, -30, -30, -30, -29, -26, -26, -26, -27, -26, -30, -32, -30, -30, -30, -30, -30, -30, -31, -30//0
-15, -16, -17, -20, -22, -24, -25, -29, -30, -33, -35, -36, -35, -35, -37, -35, -33, -32, -33, -33, -32, -33, -31, -31, -31, -33, -31, -34, -33, -33//0
-13, -14, -15, -17, -20, -21, -26, -27, -27, -31, -34, -35, -37, -37, -37, -36, -56, -33, -32, -32, -34, -33, -33, -34, -33, -34, -35, -34, -34, -34, -34//0
-6, -6, -8, -8, -8, -11, -13, -17, -22, -25, -26, -28, -31, -31, -31, -32, -33, -34, -36, -36, -36, -38, -38, -42, -39, -40, -42, -42, -41, -43, -43//0
-7, -7, -10, -11, -15, -16, -18, -22, -24, -26, -27, -28, -30, -32, -33, -32, -30, -34, -32, -33, -32, -31, -32, -31, -32, -32, -33, -31, -33, -32, -30//0
-3, -7, -9, -14, -18, -20, -24, -24, -27, -27, -27, -30, -30, -30, -33, -36, -36, -40, -41, -43, -41, -40, -41, -41, -40, -38, -38, -36//0
-7, -8, -10, -10, -14, -17, -18, -18, -19, -23, -24, -22, -27, -30, -30, -32, -34, -63, -63, -65, -65, -66, -63, -64, -66, -64, -64, -63, -65, -65, -64, -64, -66, -66, -43, -41//0
-13, -16, -17, -18, -20, -22, -23, -24, -28, -28, -34, -32, -35, -35, -34, -38, -35, -34, -32, -32, -34, -32, -35, -34, -35, -33, -33, -33, -34, -35, -34, -35//0
-15, -15, -16, -16, -21, -23, -24, -26, -27, -30, -32, -32, -33, -34, -33, -32, -32, -34, -37, -35, -36, -39, -38, -38, -39, -39, -39, -38, -39, -38, -37//0
-9, -7, -10, -7, -10, -11, -13, -13, -16, -18, -21, -24, -25, -27, -29, -29, -55, -28, -28, -28, -29, -30, -30, -31, -31, -31, -31, -30, -31, -30, -31, -31, -31//0
-9, -7, -10, -12, -10, -14, -15, -18, -19, -18, -20, -21, -23, -24, -27, -26, -54, -24, -23, -22, -23, -23, -24, -23, -26, -26, -24, -25, -23//0
-4, -5, -8, -10, -12, -15, -17, -20, -20, -22, -26, -28, -29, -30, -28, -30, -32, -28, -31, -29, -31, -30, -30, -30, -30, -32, -29, -32, -30, -29, -31//0
-4, -5, -12, -15, -20, -21, -23, -21, -23, -21, -22, -22, -22, -21, -23, -23, -21, -29, -30, -29, -29, -27, -29, -29, -29, -29, -26, -26, -28, -27, -29, -27, -27, -28, -29, -27, -28//0
-7, -6, -8, -11, -12, -14, -17, -20, -22, -23, -23, -24, -24, -24, -24, -24, -25, -23, -24, -24, -25, -25, -22, -22, -25, -24, -21, -24, -23, -24, -22, -23//0
-6, -5, -6, -4, -7, -10, -13, -17, -18, -20, -24, -22, -24, -24, -24, -27, -44, -44, -44, -44, -44, -44, -46, -45, -44, -46, -45, -44//0
-22, -24, -27, -31, -32, -36, -39, -39, -41, -41, -41, -41, -40, -40, -41, -41, -24, -25, -25, -26, -26, -25, -26, -26, -26, -24, -24//0
-14, -16, -18, -23, -22, -24, -24, -25, -26, -25, -27, -29, -29, -29, -28, -29, -41, -43, -41, -43, -43, -42, -42, -43, -41, -43, -42, -41, -41//0
-21, -25, -29, -30, -35, -38, -40, -39, -38, -39, -40, -38, -41, -41, -39, -40, -46, -28, -28, -27, -28, -28, -27, -29, -26, -28, -29, -28//0
-3, -3, -6, -8, -12, -15, -17, -20, -20, -21, -23, -23, -25, -26, -26, -26, -26, -24, -24, -24, -24, -25, -26, -27, -25, -25, -27, -26//0
-6, -7, -10, -14, -14, -17, -19, -18, -21, -20, -21, -23, -21, -22, -22, -21, -42, -24, -25, -27, -26, -25, -24, -25, -25, -27, -26//0
-6, -8, -12, -15, -17, -19, -21, -22, -24, -24, -25, -25, -25, -25, -25, -26, -44, -44, -44, -44, -43, -45, -44, -44, -44, -45, -44, -44, -45, -44//0
-27, -30, -35, -39, -40, -41, -43, -44, -43, -44, -44, -44, -44, -43, -43, -44, -26, -28, -26, -28, -27, -27, -26, -29, -27, -28//0
-9, -13, -13, -15, -19, -23, -23, -25, -26, -26, -27, -27, -25, -26, -29, -28, -29, -28, -25, -27, -27, -27, -28, -27, -27, -28, -27, -27, -29//0
-13, -13, -13, -13, -16, -16, -20, -24, -25, -27, -31, -36, -41, -44, -44, -47, -45, -56, -51, -49, -47, -46, -43, -43, -45, -43, -45, -45, -45, -47, -46, -46//0
-23, -25, -25, -28, -28, -31, -33, -33, -36, -36, -39, -40, -40, -42, -43, -43, -45, -31, -32, -31, -34, -31, -31, -31, -28, -31, -28//0
1, -0, -3, -2, -4, -5, -8, -10, -11, -14, -16, -19, -23, -25, -26, -26, -56, -58, -57, -59, -59, -59, -59, -59, -60, -59, -58, -59, -58, -59//0
-29, -31, -33, -34, -36, -38, -40, -41, -43, -45, -48, -50, -52, -53, -53, -54, -48, -45, -46, -45, -46, -47, -47, -47, -48, -48, -47, -48//0
-26, -28, -28, -29, -32, -34, -37, -38, -40, -42, -42, -42, -43, -44, -43, -45, -46, -29, -29, -28, -30, -30, -29, -28, -30, -30, -30, -30, -29, -29//0
-6, -10, -10, -13, -14, -17, -20, -19, -22, -24, -28, -27, -32, -33, -34, -36, -56, -33, -33, -34, -33, -34, -34, -34, -34, -35, -33, -32, -32, -33, -32, -32, -34, -32//0
-19, -21, -24, -27, -29, -29, -31, -31, -31, -31, -31, -28, -28, -27, -26, -27, -49, -48, -49, -49, -49, -50, -53, -53, -52, -56, -56//0
-38, -39, -41, -42, -44, -45, -50, -50, -53, -55, -58, -61, -61, -64, -62, -60, -52, -31, -28, -29, -29, -29, -29, -29, -29, -29, -31, -30, -30, -30, -31, -31//0
-6, -6, -8, -10, -10, -12, -14, -15, -17, -18, -20, -22, -22, -24, -25, -26, -57, -29, -30, -31, -33, -34, -33, -33, -34, -33, -33, -33, -34//0
-9, -10, -8, -10, -12, -16, -20, -22, -24, -26, -28, -29, -29, -30, -30, -31, -51, -53, -52, -52, -52, -53, -52, -52, -52, -50, -52, -50, -52, -52, -51, -52, -50, -36, -39//0
-16, -18, -19, -21, -23, -24, -26, -29, -32, -30, -32, -33, -35, -38, -38, -39, -63, -65, -62, -64, -67, -68, -67, -67, -67, -66, -65//0
-37, -38, -40, -42, -45, -48, -51, -52, -56, -58, -61, -63, -63, -66, -67, -67, -37, -37, -37, -39, -40, -38, -40, -39, -39, -40, -40, -40, -41, -40, -39, -40, -40, -42, -43, -44, -44//0
-7, -10, -10, -12, -13, -13, -16, -15, -16, -19, -20, -18, -19, -21, -21, -19, -20, -18, -19, -21, -22, -21, -21, -22, -23, -22, -21//0
-3, -5, -8, -10, -13, -14, -17, -16, -19, -19, -20, -21, -22, -22, -22, -21, -21, -22, -25, -25, -25, -25, -25, -25, -24, -25, -23, -25, -23, -23, -25, -24, -25, -25, -27, -27, -27, -26, -28, -28, -25, -27, -26, -27, -26, -26, -27, -25, -27, -29, -27, -27, -27, -27, -27, -27, -27, -27, -28, -27, -27, -28//0
-8, -10, -15, -14, -14, -17, -19, -21, -22, -23, -25, -25, -27, -26, -30, -30, -31, -28, -28, -29, -29, -30, -28, -29, -31, -31, -31, -31, -32, -30//0
-5, -7, -8, -10, -11, -14, -15, -17, -20, -20, -22, -24, -23, -26, -26, -27, -27, -26, -25, -27, -26, -26, -27, -26, -29, -29, -28//0
-6, -9, -10, -11, -15, -16, -18, -20, -22, -24, -24, -24, -25, -25, -25, -25, -44, -45, -46, -43, -46, -44, -44, -45, -44, -47, -44//0
-25, -27, -28, -30, -30, -32, -34, -37, -39, -42, -43, -43, -45, -46, -47, -47, -46, -49, -47, -48, -49, -47, -48, -49, -50, -48, -48, -48, -48, -48, -50, -49, -48, -49//0
-5, -7, -8, -14, -15, -21, -21, -25, -26, -29, -27, -27, -27, -29, -31, -29, -56, -26, -26, -24, -25, -25, -26, -25, -25, -26, -25, -25, -26, -25//0
-5, -5, -4, -6, -7, -8, -10, -13, -16, -17, -21, -22, -25, -23, -25, -25, -24, -24, -24, -24, -24, -26, -24, -26, -27, -26, -27, -26, -25, -27, -26, -27//0
-2, -1, -4, -7, -7, -10, -13, -14, -16, -18, -21, -24, -23, -22, -24, -24, -26, -24, -26, -27, -26, -24, -25, -26, -25, -25, -25, -25, -26, -25, -25, -26, -26, -25, -28, -28, -28, -28, -28, -28, -28, -28, -28, -28, -27, -28, -28, -28, -28, -26, -29//0
-0, -1, -2, -4, -4, -6, -8, -8, -12, -14, -17, -17, -20, -21, -22, -21, -22, -18, -19, -18, -19, -19, -19, -19, -21, -21, -20, -22, -20, -21, -21, -23, -24, -22, -29//0
-5, -4, -6, -9, -11, -11, -14, -16, -19, -22, -24, -24, -25, -28, -27, -28, -29, -49, -50, -49, -51, -50, -50, -50, -49, -49, -50, -50, -50, -49, -50, -52, -51//0
-6, -7, -7, -9, -9, -10, -13, -15, -17, -19, -21, -24, -25, -24, -26, -27, -27, -21, -21, -21, -22, -24, -22, -24, -23, -22, -23, -22, -23, -22, -22, -22//0
-1, -1, -2, -4, -7, -9, -11, -12, -14, -14, -15, -17, -18, -18, -18, -18, -19, -20, -20, -22, -23, -20, -21, -22, -20, -22, -21, -21, -20//0
-4, -5, -8, -10, -12, -16, -17, -19, -22, -20, -22, -24, -22, -23, -23, -25, -25, -26, -24, -25, -27, -24, -26, -27, -25, -26, -25, -25//0