-68, -65, -57, -48, -36, -29, -23, -18, -12, -8, -5, -2, -1, 2, 4, 5, 49, -8, -6, -8, -7, -8, -8, -8, -7, -8, -9, -8, -8, -8, -8, -8//1
-53, -45, -34, -27, -23, -18, -15, -12, -9, -9, -6, -5, -3, -2, -1, -2, -3, -10, -9, -7, -9, -8, -10, -9, -9, -7, -9, -10, -11//1
-5, -8, -8, -8, -10, -13, -15, -16, -20, -22, -26, -30, -35, -38, -41, -45, -47, -48, -50, -51, -51, -53, -51, -52, -52, -54, -53, -53//1
-3, -5, -7, -10, -13, -16, -21, -25, -30, -36, -40, -43, -50, -52, -54, -57, -49, -49, -51, -51, -52, -53, -52, -52, -50, -49, -44//1
-1, -4, -9, -13, -20, -24, -29, -35, -38, -41, -45, -44, -48, -47, -47, -47, -91, -91, -88, -90, -88, -89, -89, -88//1
-35, -37, -41, -46, -48, -55, -58, -64, -69, -74, -77, -80, -83, -84, -88, -85, -105, -105, -105, -103, -106, -106, -104, -103, -101//1
-56, -59, -61, -64, -69, -73, -75, -82, -85, -90, -96, -99, -102, -107, -108, -110, -103, -102, -101, -100, -101, -100, -96, -90//1
-39, -41, -44, -48, -52, -55, -61, -69, -75, -82, -88, -97, -99, -104, -107, -106, -109, -54, -52, -53, -53, -53, -53, -50, -48, -43//1
9, 3, -4, -5, -13, -21, -31, -39, -47, -52, -61, -66, -70, -73, -75, -77, -137, -137, -138, -137, -137, -139, -137, -137, -138, -137, -138, -136, -137, -139, -138, -137, -137, -87, -103, -102, -101, -102, -103, -102, -101, -101, -101, -101, -101, -101//1
-112, -114, -110, -108, -102, -94, -84, -76, -70, -62, -54, -50, -44, -39, -32, -29, -14, -42, -38, -36, -34, -31, -30, -28, -25, -27, -25, -25, -24, -25//1
-130, -125, -112, -101, -88, -75, -67, -60, -54, -47, -43, -41, -36, -35, -33, -31, -27, -19, -18, -18, -17, -18, -18, -17, -18, -18, -20//1
-143, -128, -108, -89, -75, -62, -51, -45, -38, -31, -29, -24, -21, -20, -18, -17, 105, 108, 109, 110, 108, 107, 109, 109, 108, 108, 106, 110, 109, 109, 105//1
2, 15, 32, 46, 59, 70, 79, 83, 89, 94, 95, 99, 100, 103, 102, 103, 104, -14, -14, -14, -12, -12, -10, -14, -11, -13, -11, -14, -17, -22//1
-73, -61, -51, -41, -33, -28, -25, -21, -17, -15, -14, -11, -11, -11, -11, -11, -11, 48, 48, 47, 48, 48, 47, 49, 48, 47, 42//1
-37, -36, -27, -18, -8, -0, 11, 16, 25, 28, 32, 34, 39, 40, 41, 44, 76, 80, 79, 81, 80, 80, 80, 79, 81, 80, 81, 80, 79, 77, 76, 75, 72//1
-64, -53, -43, -34, -27, -22, -18, -13, -9, -7, -5, -5, -5, -6, -3, -6, 59, 58, 57, 60, 60, 61, 60, 59, 60, 61, 60, 60, 60, 56//1
-22, -12, 1, 9, 20, 26, 34, 42, 46, 50, 50, 54, 58, 60, 62, 63, 78, -10, -9, -8, -10, -10, -10, -10, -10, -9, -12, -8, -10, -8, -10, -9, -9, -8, 2//1
-79, -76, -69, -61, -48, -39, -31, -25, -18, -11, -7, -6, -4, -3, 2, 0, 83, -9, -8, -9, -7, -7, -9, -8, -9, -10, -12//1
-75, -68, -57, -48, -40, -34, -25, -21, -16, -14, -12, -10, -7, -9, -9, -9, 53, -4, -4, -6, -4, -5, -5, -6, -4, -5, -3, -5, -2//1
-67, -62, -52, -46, -38, -31, -24, -18, -13, -12, -8, -7, -6, -4, -4, -4, -4, -6, -7, -5, -6, -5, -6, -6, -5, -7, -8, -10//1
-67, -59, -49, -39, -33, -26, -22, -18, -14, -13, -9, -8, -6, -8, -8, -6, -6, -2, -2, -1, -2, -1, -2, -1, -4, -4, -7//1
-56, -47, -38, -29, -25, -19, -15, -15, -10, -8, -6, -6, -5, -5, -4, -4, 49, -5, -5, -4, -5, -5, -5, -5, -5, -5, -5, -5, -4//1
-86, -69, -58, -48, -36, -27, -21, -16, -15, -14, -13, -11, -8, -9, -9, -8, 74, -8, -8, -9, -8, -6, -8, -8, -8//1
-63, -55, -44, -38, -33, -28, -23, -21, -17, -16, -14, -14, -12, -10, -7, -8, -6, -10, -10, -10, -10, -9, -8, -10, -12, -11, -13, -14, -17, -15, -17//1
-88, -78, -59, -45, -30, -25, -20, -18, -17, -15, -15, -13, -14, -12, -11, -10, -10, -7, -5, -5, -6, -5, -4, -4, -5, -6, -7//1
-53, -45, -37, -28, -22, -18, -15, -14, -12, -12, -12, -11, -9, -8, -6, -6, 40, -4, -4, -5//1
-45, -33, -21, -13, -10, -7, -7, -7, -7, -6, -6, -5, -6, -7, -6, -4, -5, -3, -1, -3, -2, -2//1
-78, -64, -53, -42, -29, -16, -8, -4, -4, -4, -4, -2, -1, -2, -1, -2, -3, -4, -2, -5, -2, -4, -2, -4, -5, -3, -3, -2, -2//1
-25, -19, -18, -13, -11, -8, -6, -4, -5, -0, -2, -2, -1, -1, -2, -2, -4, -2, -2, -2, -2, -2, -2//1
-25, -17, -10, -8, -5, -4, -4, -2, -1, -1, -1, 1, -0, 2, -0, 1, 24, -1, -1, 0, -1, -1, -3, -1//1
-76, -61, -47, -34, -21, -10, -5, -5, -4, -3, -3, -4, -2, -1, -2, -3, -3, -2, -2, -2, -2, -2, -0, -1, -1//1
-93, -79, -60, -41, -25, -16, -11, -8, -6, -5, -6, -4, -4, -2, -2, -2, 91, 91, 91, 91, 90, 92, 92, 92, 91, 90, 93//1
25, 43, 59, 71, 79, 83, 85, 85, 86, 90, 88, 91, 91, 91, 91, 90, 91, -2, -2, -0, -2, -2, -2, -2, -2, -3, -2//1
-69, -48, -33, -23, -16, -10, -8, -7, -7, -7, -5, -3, -5, -3, -2, -2, 67, -0, -1, -1, -2, -0, -2, -1, 0, -2, -2//1
-110, -98, -81, -69, -50, -39, -26, -18, -11, -9, -6, -6, -6, -3, -2, -5, -3, -8, -9, -8, -8, -8, -8, -8, -8, -8//1
-112, -92, -74, -58, -44, -31, -25, -19, -14, -12, -10, -9, -9, -7, -8, -6, -6, -6, -5, -6, -6, -6, -5, -5, -5, -4, -6, -6//1
-99, -89, -74, -62, -47, -34, -26, -21, -16, -10, -12, -9, -10, -10, -7, -6, -3, -3, -2, -1, -2, -3, -3, -2, -3, -1, -3, -4, -3//1
-95, -85, -69, -57, -42, -29, -20, -12, -12, -9, -9, -6, -5, -6, -6, -6, -4, -3, -4, -2, -0, -2, -2, -2, -2, -2, -2, -2, -4, -4, -5//1
-65, -53, -42, -30, -23, -18, -15, -14, -13, -13, -9, -9, -7, -6, -5, -4, -1, -3, -3, -4, -3, -2, -1, -1, -3, -4, -3, -3, -4//1
-101, -97, -91, -84, -73, -66, -59, -51, -45, -38, -31, -28, -25, -18, -16, -12, 86, -20, -19, -19, -17, -17, -17, -16, -17, -17, -17, -17, -19, -20, -22, -24, -26//1
-96, -85, -76, -64, -53, -45, -39, -31, -28, -22, -18, -19, -21, -17, -20, -19, 45, 47, 45, 48, 48, 46, 47, 47, 46, 48, 48, 48, 48, 47, 48, 48, 47, -1, 2, 2, 2, 2, 3, 2//1
-52, -38, -28, -16, -10, -4, 0, 1, 1, 2, 1, 2, 3, 1, 1, 1, 56, 2, 2, 0, 2, -3, -5//1
-59, -45, -31, -19, -8, 1, 2, 4, 5, 4, 6, 5, 4, 5, 5, 5, 3, 4, 1, 0, -2, -1, -7, -9, -9, -11, -12, -13, -16, -20//1
-67, -56, -43, -32, -21, -15, -8, -3, -2, -1, 1, 1, 2, 1, 2, 1, -1, -5, -4, -9, -13, -15, -20, -24, -25, -27, -26, -24, -23, -22, -21, -21//1
-70, -55, -44, -31, -22, -14, -11, -8, -5, -5, -3, 0, -0, 2, 3, 4, 3, -1, -1, 0, -1, -1, -1//1
-63, -52, -39, -32, -26, -18, -18, -12, -8, -7, -5, -4, -1, -1, -3, -3, -3, -1, -3, -1, -1, -1, -3, -3//1
-84, -67, -55, -44, -34, -29, -23, -18, -15, -12, -12, -9, -8, -5, -3, -1, -1, 81, 80, 80, 82, 81, 80, 81, 81, 82, 80, 79, 80, 74//1
-5, 5, 18, 30, 40, 49, 53, 56, 59, 63, 67, 67, 69, 72, 72, 75, 77, -8, -11, -8, -8, -7, -8//1
-28, -36, -47, -53, -62, -73, -87, -99, -105, -106, -114, -125, -134, -137, -137, -135, -134, -103, -104, -101, -101, -101//1
-49, -36, -25, -14, -5, 1, 5, 11, 14, 17, 21, 24, 27, 28, 28, 26, -34, -2, -2, -2, -2, -3, -3, -2, -2//1
-83, -70, -58, -48, -41, -33, -24, -18, -13, -12, -5, -4, -4, -2, -2, -2, -4, -3, -2, -4, -4, -3, -3, -3, -7, -7, -12//1
-93, -82, -68, -57, -48, -43, -35, -31, -27, -23, -18, -13, -9, -7, -4, -6, -4, -10, -10, -9, -9, -10, -7, -10, -10, -10, -10, -13, -16//1
-97, -85, -72, -57, -48, -38, -31, -27, -23, -18, -15, -12, -10, -9, -10, -10, -9, -6, -6, -5, -6, -5, -6, -5, -6, -9//1
-101, -87, -74, -60, -48, -40, -33, -24, -20, -16, -14, -8, -8, -7, -6, -6, 91, -4, -5, -5, -5, -5, -5, -6, -5, -8, -10//1
-88, -75, -64, -52, -42, -36, -28, -23, -19, -14, -11, -8, -6, -6, -8, -7, 77, -1, -4, -1, -1, -1, -1, -1, -3, -7, -14//1
-98, -82, -65, -51, -40, -31, -20, -15, -12, -9, -6, -5, -4, -2, -3, -1, -4, -5, -5, -7, -5, -6, -7, -5, -5, -6, -5, -10, -14, -22//1
-97, -81, -63, -49, -38, -29, -23, -19, -15, -13, -10, -7, -6, -7, -4, -5, -5, -2, -2, -2, -2, -4, -3, -2, -2, -5, -7//1
-101, -91, -79, -63, -54, -46, -38, -31, -24, -19, -16, -13, -11, -7, -6, -6, -5, -8, -10, -9, -10, -9, -10, -9, -9, -10, -9, -10, -13//1
-100, -88, -81, -72, -64, -54, -46, -39, -33, -29, -23, -19, -16, -10, -11, -12, -10, -13, -14, -13, -13, -14, -14, -13, -14, -13, -15, -12, -15, -12//1
-117, -107, -90, -74, -59, -45, -38, -32, -28, -30, -29, -29, -31, -30, -31, -28, -31, -12, -14, -13, -14, -13//1
-63, -46, -40, -32, -28, -20, -19, -14, -9, -9, -8, -7, -8, -6, -6, -6, -5, 44, 45, 45, 43, 41, 39, 33, 26//1
-11, 4, 12, 18, 23, 28, 31, 33, 38, 39, 42, 42, 44, 46, 48, 48, 50, 52, 52, 52, 52, 53, 54, 51, 51, 49//1
-13, 1, 10, 20, 27, 33, 36, 38, 40, 41, 44, 46, 49, 51, 52, 54, 53, -6, -6, -5, -4, -4, -6, -5, -3, -5, -5, -6, -4, -4, -5//1
-69, -59, -51, -45, -39, -32, -27, -22, -18, -16, -14, -9, -8, -7, -7, -6, -6, -7, -5, -5, -10, -5, -7, -7, -5, -7, -6, -6, -7//1
-100, -83, -67, -55, -46, -40, -33, -30, -25, -21, -16, -15, -12, -9, -8, -7, -8, -8, -7, -7, -10, -8, -7, -8, -8, -7, -8, -8, -7, -9//1
-86, -73, -63, -54, -46, -36, -29, -24, -20, -19, -17, -16, -13, -13, -10, -9, -10, -7, -6, -5, -6, -4, -7, -6, -6, -7, -6, -7, -6, -7//1
-66, -53, -42, -33, -26, -22, -15, -14, -8, -7, -6, -5, -5, -5, -5, -6, -2, -4, -1, -1, -1, -2, -1, -2, -1, -1, -2, -2, -2//1
-82, -64, -52, -41, -33, -24, -19, -13, -9, -4, -4, -1, -3, -4, -3, -3, -2, -2, -4, -3, -3, -4, -3, -4, -3, -2, -3//1
-121, -109, -92, -78, -61, -50, -42, -33, -26, -21, -17, -14, -10, -7, -3, -3, -3, -12, -14, -15, -13, -14, -15, -20//1
-112, -104, -91, -78, -63, -54, -43, -34, -28, -26, -21, -18, -17, -16, -15, -13, -14, 86, 85, 86, 86, 86, 87, 86, 86, 86, 86//1
7, 16, 25, 34, 44, 50, 55, 65, 69, 74, 80, 82, 85, 86, 86, 86, 66, -11, -10, -11, -10, -10, -10, -10, -10, -10, -13, -17//1
-100, -85, -70, -58, -46, -39, -30, -24, -19, -17, -13, -10, -8, -10, -10, -10, -11, -5, -3, -5, -5, -6, -6, -5, -6, -6//1
-109, -94, -80, -67, -53, -44, -32, -22, -16, -13, -10, -6, -5, -6, -5, -4, -5, -5, -5, -5, -5, -5, -6, -5, -6, -8, -10, -14, -21//1
-100, -87, -73, -59, -49, -38, -31, -25, -19, -16, -13, -10, -8, -6, -7, -7, -6, -11, -9, -9, -8, -8, -8, -7, -9, -8//1
-17, -23, -31, -39, -47, -56, -63, -71, -77, -81, -84, -85, -92, -98, -101, -106, -99, -101, -102, -104, -104, -101, -103, -104, -105, -104, -104, -104, -104, -104, -105, -105, -104, -87, -102, -102, -104, -104, -102, -99, -96//1
-102, -88, -67, -48, -32, -20, -13, -6, -3, 1, 0, -1, 1, 0, -1, 1, 0, -3, -3, -4//1
-59, -44, -31, -23, -16, -9, -4, -2, -1, -1, 0, -0, -1, -1, -0, -1, 0, 1, 1, -1, -3//1
-91, -72, -55, -39, -27, -18, -11, -6, -2, -0, 0, 1, 0, 0, 0, 2, 94, -1, -5, -9, -18, -31//1
-65, -50, -37, -29, -20, -12, -7, -5, -1, -1, -2, -1, -1, -1, -3, -3, -2, 62, 63, 61//1
3, 4, 5, 13, 18, 25, 32, 41, 46, 52, 54, 57, 58, 61, 60, 61, 59, 60, 61, 61, 60, 60, 58, 59, 60, 61, 61, 59//1
10, 17, 28, 37, 44, 50, 51, 53, 56, 57, 59, 61, 62, 61, 63, 59, 60, -3, -2, -3, -4, -3, -2, -3, -2, -6//1
-58, -53, -49, -42, -31, -22, -13, -8, -5, -5, -3, -2, -3, -4, -3, -4, -3, -1, -0, -2, -1, -2, -2, -0, -2, -2, -2, -3//1
-61, -54, -45, -37, -26, -18, -9, -8, -5, -6, -5, -4, -5, -3, -5, -5, 58, -2, -4, -3, -1, -2, -0, -1, -0, -3, -8//1
-65, -60, -53, -49, -39, -28, -18, -12, -8, -5, -5, -2, -4, -2, -3, -2, 59, 60, 61, 62, 60, 60, 59, 59, 58, 56, 55, 50//1
8, 17, 26, 36, 41, 49, 52, 54, 59, 59, 59, 59, 59, 60, 60, 59, 47, 49, 47, 47, 47, 46, 42//1
-3, 6, 14, 22, 30, 35, 39, 43, 45, 44, 45, 47, 47, 47, 47, 47, 48, -2, 1, -1, -0, -5, -10, -13, -21//1
-53, -46, -37, -30, -19, -11, -5, -2, -2, -1, -1, -0, -2, -2, -2, -4, 52, 0, 1, 1, 0, 0, -2//1
-65, -61, -56, -52, -42, -31, -22, -16, -9, -5, -6, -4, -5, -3, -3, -2, 63, 64, 62, 63, 64, 65, 64, 64, 63, 60//1
11, 12, 14, 20, 30, 36, 42, 48, 54, 56, 60, 62, 62, 64, 66, 65, 46, -9, -7, -8, -5, -7, -5, -8//1
-92, -89, -80, -72, -62, -51, -41, -34, -30, -25, -22, -18, -16, -15, -14, -13, 72, -10, -12, -13, -12, -11, -10, -13, -14, -14//1
-90, -80, -72, -60, -50, -41, -34, -28, -24, -21, -18, -15, -14, -12, -12, -11, -10, -11, -9, -10, -10, -10, -9, -11, -11//1
-117, -103, -87, -70, -59, -47, -37, -28, -24, -18, -16, -16, -12, -12, -11, -9, -9, 101, 99, 100, 99, 99, 101, 100, 99, 96//1
21, 27, 39, 50, 63, 72, 80, 86, 91, 95, 98, 100, 99, 98, 96, 98, 66, -6, -6, -5, -4, -6, -5, -7, -7//1
-112, -108, -99, -83, -69, -56, -44, -33, -25, -19, -14, -10, -7, -7, -7, -5, -5, -14, -14, -12, -13, -14, -13, -14, -12, -13, -14//1
-110, -106, -98, -88, -77, -68, -59, -50, -42, -34, -29, -26, -21, -20, -18, -15, -14, -18, -15, -15, -15, -16, -14, -16, -15, -15, -16, -15//1
-121, -109, -97, -82, -71, -58, -46, -39, -29, -28, -24, -22, -18, -16, -16, -16, -16, 89, 89, 89, 90, 89, 88, 88//1
-41, -25, -7, 13, 29, 43, 52, 63, 71, 74, 77, 79, 80, 82, 84, 85, 116, -11, -10, -10, -8, -9, -10, -8//1
-133, -114, -97, -83, -69, -55, -44, -35, -26, -18, -16, -11, -8, -9, -10, -10, -10, -12, -11, -12, -12, -11, -12, -11, -11, -12, -13//1
-120, -119, -114, -108, -98, -86, -75, -64, -56, -48, -42, -37, -31, -31, -24, -25, -21, -26, -23, -21, -20, -19, -18, -17, -16, -18, -16, -18, -15, -15, -18, -16, -16, -16, 0, -4, -4//1
-88, -75, -65, -56, -46, -36, -32, -26, -19, -14, -11, -9, -5, -1, -1, 0, 89, -11, -14, -12, -13, -12, -14, -15//1
-128, -117, -107, -94, -82, -70, -60, -51, -40, -36, -29, -26, -24, -23, -20, -19, 97, -14, -14, -11, -12, -12, -11, -12, -12, -12, -12, -13//1
-100, -93, -84, -69, -60, -49, -43, -36, -30, -26, -22, -20, -19, -19, -17, -17, -17, -14, -13, -13, -12, -13, -11, -13, -12, -11, -13//1
-67, -63, -57, -49, -41, -33, -27, -22, -16, -13, -10, -8, -8, -8, -6, -6, -9, -5, -7, -8, -7, -7, -5, -8, -7, -7, -8, -8, -9, -9, -9, -6, -9, -8, -1, -2//1
-54, -44, -35, -25, -16, -12, -9, -6, -4, -2, 1, 1, 2, 2, 2, 3, 55, -3, -4, -4, -3, -4//1
-31, -24, -19, -12, -9, -6, -6, -3, -3, -3, 0, 1, -2, 0, 0, -1, -2, -0, 1, -1, 2, 1, -0, -0, 1, -0, 1//1
-87, -79, -65, -51, -38, -27, -17, -12, -9, -7, -7, -5, -4, -5, -5, -5, 84, 86, 84, 87, 85, 87, 87, 86, 87, 84, 86, 85, 87, 83, 82//1
34, 47, 59, 67, 71, 76, 80, 82, 83, 84, 86, 87, 87, 85, 85, 87, 87, -1, -1, -1, -1, -4//1
-73, -67, -57, -46, -36, -26, -20, -16, -9, -6, -5, -4, -2, -2, -1, -1, -1, -6, -5, -5, -8, -7, -8//1
-80, -69, -57, -44, -33, -25, -19, -14, -13, -11, -9, -8, -8, -4, -6, -6, -6, -7, -7, -7, -5, -10, -11, -14//1
-72, -69, -60, -53, -42, -32, -24, -19, -15, -10, -8, -8, -7, -7, -8, -5, -2, -1, -3, -1, -2, -2, -2, -1, -1, -1//1
-60, -51, -46, -41, -38, -36, -32, -26, -23, -20, -18, -16, -14, -8, -6, -3, -3, -10, -10, -11, -11, -11, -13, -11, -12, -14, -15//1
-77, -67, -54, -42, -33, -28, -21, -18, -19, -16, -16, -14, -12, -10, -11, -10, -10, -6, -5, -4, -4, -4, -6, -6, -7, -7, -10//1
-96, -80, -68, -55, -44, -38, -32, -26, -22, -17, -16, -13, -13, -10, -8, -8, 86, 87, 85, 85, 86, 85, 84, 86, 82, 81, 81, 73//1
-1, 6, 17, 28, 39, 50, 56, 64, 67, 69, 73, 74, 76, 80, 81, 84, 72, 71, 71, 71, 72, 71, 71, 73, 71//1
-5, 3, 18, 28, 40, 50, 56, 60, 61, 67, 69, 73, 75, 74, 74, 73, 63, -9, -8, -8, -9, -8, -8, -8, -13, -16//1
-91, -78, -67, -54, -41, -31, -27, -23, -19, -18, -13, -11, -8, -9, -5, -8, 75, -10, -8, -8, -7, -11, -10, -13//1
-89, -78, -70, -58, -45, -33, -25, -21, -16, -14, -12, -11, -12, -10, -8, -9, -10, -8, -8, -8, -7, -8, -7, -7//1
-78, -65, -53, -41, -33, -26, -22, -18, -15, -12, -8, -8, -5, -6, -5, -6, -5, -6, -6, -4, -5, -6, -7, -9, -12//1
-81, -70, -59, -48, -40, -33, -29, -23, -22, -17, -16, -13, -11, -10, -9, -10, 67, 66, 66, 67, 67, 67, 67, 65, 64, 63, 57//1
-7, -1, 5, 12, 20, 27, 33, 38, 45, 50, 50, 57, 58, 60, 61, 63, 62, -18, -15, -15, -15, -19, -18, -16, -18//1
-77, -66, -54, -43, -35, -29, -24, -21, -19, -15, -15, -13, -14, -14, -13, -14, 48, 48, 48, 49, 49, 48, 48, 49, 48, 46//1
-13, -1, 15, 25, 34, 41, 44, 48, 48, 49, 48, 48, 50, 49, 50, 50, 56, -0, -3, -3, -3, -3, -4, -4//1
-59, -48, -36, -27, -21, -15, -11, -6, -3, -0, -1, -1, -3, -0, -1, -0, -2, -3, -2, -4, -6, -5, -8, -8, -12, -18//1
-65, -54, -46, -36, -24, -15, -9, -7, -3, -2, -4, -4, -3, -3, -3, -2, -4, -1, -2, -5, -5, -9, -15, -18, -23, -29//1
-74, -61, -49, -38, -27, -22, -17, -13, -10, -8, -7, -7, -4, -3, -3, -2, -3, -6, -8, -8, -9, -12, -15//1
-87, -73, -59, -47, -36, -29, -23, -20, -18, -15, -12, -10, -7, -7, -6, -6, -9, -7, -9, -9, -10, -12, -11, -11, -14, -17//1
-92, -83, -70, -58, -47, -40, -30, -25, -19, -18, -13, -12, -10, -10, -8, -8, -9, -10, -10, -9, -9, -8, -10, -9, -10, -11, -14, -16//1
-95, -93, -87, -77, -71, -61, -55, -48, -44, -37, -34, -29, -25, -23, -23, -22, 65, -24, -24, -24, -23, -21, -22, -24, -25//1
-13, -13, -13, -15, -16, -21, -24, -27, -31, -35, -46, -57, -64, -68, -71, -75, -91, -52, -56, -62, -68, -73, -76, -79, -86, -92, -97, -96, -97, -91//1
-12, -31, -49, -59, -70, -81, -90, -93, -96, -100, -101, -104, -105, -106, -107, -108, -109, -127, -126, -125, -125, -126, -125, -122, -114//1
-0, -0, -4, -5, -11, -19, -25, -36, -51, -66, -76, -80, -86, -87, -90, -92, -95, -77, -79, -77, -79, -79, -77, -79, -79, -79, -79//1
-90, -90, -88, -82, -74, -63, -50, -39, -28, -21, -13, -9, -4, 0, 6, 6, 8, -34, -33, -31, -29, -32, -31, -31, -34, -31, -31, -33, -34//1
-77, -65, -56, -47, -40, -37, -32, -31, -31, -28, -27, -28, -29, -28, -26, -26, -30, -7, -9, -8, -8, -8, -10, -12//1
-103, -86, -72, -57, -46, -35, -29, -22, -17, -13, -11, -8, -9, -7, -7, -5, 88, -10, -10, -12, -13, -17, -24//1
-74, -64, -53, -44, -36, -29, -24, -21, -19, -16, -15, -15, -17, -15, -12, -15, -14, -11, -13, -14, -18//1
-79, -69, -60, -51, -43, -38, -30, -26, -22, -19, -19, -17, -14, -16, -18, -17, -17, -18, -20, -18, -17, -18, -19, -17, -18//1
-79, -66, -54, -45, -35, -26, -20, -15, -11, -9, -7, -6, -6, -6, -5, -5, 56, -6, -5, -6, -7, -7, -10, -10, -13//1
-65, -56, -47, -38, -32, -26, -21, -16, -15, -13, -10, -10, -12, -10, -10, -10, -10, -8, -10, -9, -11, -14, -17//1
-81, -67, -59, -48, -39, -32, -25, -20, -16, -12, -13, -11, -13, -11, -11, -14, -11, -15, -14, -15, -19//1
-77, -62, -48, -37, -33, -25, -20, -15, -13, -9, -6, -8, -5, -4, -5, -4, -6, -7, -7, -8, -7, -8, -8, -7, -6, -10//1
-125, -121, -113, -102, -91, -82, -71, -60, -52, -43, -37, -32, -27, -23, -19, -14, -12, -21, -20, -19, -21, -19, -18, -20, -20, -21, -23, -24, -26, -30//1
-104, -93, -80, -69, -58, -52, -44, -40, -35, -29, -29, -26, -26, -24, -25, -26, 50, -13, -11, -12, -12, -14//1
-66, -53, -43, -34, -27, -20, -17, -12, -8, -11, -11, -7, -9, -9, -8, -8, -2, -1, -2, -2, -2, -1, -4, -6//1
-64, -50, -39, -28, -20, -15, -11, -6, -4, -4, -4, -2, -3, -4, -3, -4, -4, -4, -5, -5, -7, -11, -15, -20, -27//1
-40, -30, -24, -19, -15, -11, -9, -8, -6, -5, -5, -6, -5, -6, -5, -6, 29, 30, 27, 27, 21, 18//1
-30, -15, -3, 7, 13, 20, 23, 28, 27, 29, 32, 32, 31, 32, 32, 31, 56, 55, 52, 48, 44, 43//1
5, 20, 32, 40, 49, 51, 54, 57, 59, 60, 60, 60, 60, 60, 60, 58, -0, -0, -1, -3, -3, -5, -8//1
-47, -36, -28, -21, -16, -11, -9, -7, -4, -5, -1, -3, -2, -3, -0, -1, -2, -2, -2, -2, -2, -4//1
-30, -19, -14, -11, -8, -5, -6, -3, -3, -2, -2, -2, -2, -2, -4, -2, -2, -2, -5, -7, -10//1
-50, -39, -30, -19, -14, -9, -7, -3, -1, -2, -1, -1, 1, -0, 2, -1, 50, -4, -5, -4, -6, -8, -12, -16, -19//1
-69, -60, -50, -41, -34, -27, -20, -14, -9, -6, -4, -1, -1, 1, 1, -1, 67, -6, -5, -6, -8, -6, -7, -6, -7//1
-73, -57, -44, -30, -23, -18, -13, -12, -11, -10, -11, -7, -7, -5, -5, -5, -1, -1, -1, -0, 1, -0, 0, 0, -2//1
-66, -67, -67, -67, -64, -66, -70, -66, -65, -63, -58, -47, -37, -25, -18, -11, -8, -31, -28, -30, -30, -30, -30, -31, -30, -31, -31, -28, -30, -30, -28, -30, -32//1
-83, -69, -57, -47, -41, -37, -34, -31, -31, -30, -30, -28, -28, -31, -29, -29, -28, -0, -0, -1, -3, -3, -6, -12, -21//1
-56, -40, -28, -20, -11, -6, -5, -3, -3, -0, -0, -0, -0, -2, -0, 1, 1, 0, -2, -1, -2, -4, -6, -7//1
-67, -52, -37, -25, -18, -15, -12, -8, -7, -5, -3, -5, -2, -2, -3, -4, 62, -8, -9, -9, -12, -14//1
-81, -61, -45, -31, -22, -12, -8, -4, -6, -4, -3, -5, -5, -4, -3, -3, -2, 0, 0, -1, -1, -3, -7, -12//1
-68, -51, -34, -23, -15, -11, -6, -6, -4, -1, -1, -1, -1, 0, -1, -1, 65, -2, -3, -6, -7, -14, -22//1
-67, -56, -45, -35, -28, -21, -17, -11, -10, -4, -3, -3, -4, -3, -4, -5, 61, -6, -7, -9, -10, -14, -20//1
-78, -60, -46, -31, -20, -17, -13, -11, -11, -9, -6, -7, -5, -6, -4, -3, -2, -3, -2, -5, -8, -12//1
-97, -83, -66, -46, -30, -19, -13, -6, -6, -5, -7, -6, -4, -5, -5, -5, -5, -3, -5, -6, -10//1
-67, -49, -33, -25, -16, -10, -5, -4, -2, -1, -2, 1, -0, -1, -2, -0, -2, -2, -5, -8, -13//1
-77, -63, -46, -31, -22, -14, -10, -8, -5, -4, -2, -2, -2, -2, -2, -1, -2, -2, -4//1
-32, -32, -32, -32, -31, -33, -30, -27, -27, -23, -20, -16, -14, -10, -10, -7, -5, -13, -13, -13, -11, -12, -12, -10, -11, -9, -9, -10, -11, -10, -11, -13, -11//1
-67, -63, -60, -53, -45, -39, -28, -23, -15, -11, -9, -5, -3, -2, -3, -2, 65, 65, 62, 63, 62, 62, 63, 62, 61, 58, 57//1
-2, 7, 15, 24, 34, 41, 47, 52, 55, 61, 61, 64, 63, 62, 62, 64, 62, -7, -7, -9, -7, -7, -9//1
-46, -38, -31, -22, -17, -14, -10, -10, -8, -7, -7, -7, -7, -7, -7, -7, -6, -4, -5, -4//1
-47, -38, -29, -21, -15, -10, -4, -3, -2, -1, -2, -2, -2, 1, -0, -2, 40, -4, -3, -3, -3, -3, -4, -7, -7//1
-102, -90, -78, -64, -52, -40, -31, -21, -17, -12, -8, -5, -4, -4, -5, -3, -9, -10, -11, -11, -11, -12, -15, -15, -17, -18//1
-99, -90, -79, -68, -57, -46, -38, -28, -21, -15, -11, -8, -8, -6, -5, -6, -5, -5, -7, -9, -10, -13, -13, -20, -22//1
-108, -107, -107, -103, -95, -85, -72, -60, -44, -35, -28, -21, -19, -18, -17, -15, 84, -23, -25, -22, -23, -22, -22, -23, -22, -22, -23, -23, -24, -23, -24//1
-33, -39, -48, -63, -79, -94, -105, -114, -120, -120, -120, -118, -114, -115, -114, -115, -102, -96, -96, -97, -96, -98, -97, -99, -91//1
-28, -38, -45, -47, -48, -48, -48, -48, -48, -46, -47, -49, -48, -49, -49, -51, -46, -49, -51//1
-77, -67, -55, -48, -37, -30, -23, -17, -12, -12, -9, -5, -6, -6, -5, -4, -2, 30, 29, 28, 25//1
-28, -21, -13, -4, 4, 10, 14, 21, 22, 27, 26, 27, 27, 28, 27, 26, 29, -9, -10, -9, -11, -9, -9//1
-104, -91, -75, -62, -49, -40, -28, -22, -17, -12, -9, -8, -7, -7, -8, -5, 92, -8, -8, -8, -8, -10, -9, -10//1
-91, -76, -64, -52, -45, -38, -32, -27, -21, -18, -15, -14, -13, -10, -12, -10, 72, 71, 74, 74, 71, 73//1
21, 29, 37, 43, 49, 54, 63, 66, 70, 71, 71, 73, 72, 71, 74, 73, 40, 40, 41, 40, 39, 40, 41, 40, 40, 40//1
-10, -5, 3, 13, 21, 29, 35, 38, 38, 42, 42, 40, 42, 40, 40, 41, 42, -8, -9, -14, -16, -24, -30//1
-18, -11, -7, -4, -2, -4, -4, -4, -4, -3, -4, -5, -2, -3, -4, -4, 11, 10, 8, 4//1
-44, -38, -31, -28, -22, -20, -18, -15, -12, -10, -8, -6, -4, -3, -1, 0, 36, -8, -9, -10, -13, -15, -18, -21, -22, -27, -30, -32, -35//1
-58, -45, -36, -29, -21, -13, -10, -9, -7, -9, -7, -6, -5, -4, -5, -6, 44, -3, -2, -1, -2, -2, -5//1
-95, -93, -90, -89, -87, -82, -79, -74, -72, -67, -62, -54, -48, -40, -34, -28, 74, -35, -30, -29, -27, -25, -23, -22, -23, -22, -24, -25//1
-98, -91, -80, -67, -58, -49, -44, -39, -37, -33, -30, -28, -28, -27, -26, -25, 22, -9, -9, -8, -9//1
-90, -81, -69, -56, -44, -36, -29, -22, -16, -14, -11, -8, -8, -8, -8, -8, -4, -5, -6, -7//1
-85, -68, -52, -37, -28, -18, -15, -10, -9, -7, -10, -8, -9, -7, -10, -7, 72, 71, 70, 71//1
40, 54, 65, 69, 75, 73, 76, 74, 75, 75, 74, 76, 75, 74, 74, 74, 30, 1, 3, 1, 0, 0, 0, 0, 1, 1//1
-60, -48, -35, -26, -21, -18, -13, -11, -9, -8, -8, -7, -6, -5, -6, -5, -5, -11, -13, -22//1
-38, -25, -14, -11, -11, -6, -7, -5, -6, -5, -4, -4, -6, -5, -7, -9, -13, -15, -24, -35//1
-61, -48, -33, -23, -16, -9, -5, -2, -2, -0, -2, -3, -4, -7, -13, -21, -35, -47, -65, -82//1
-79, -60, -40, -25, -15, -7, 1, 5, 2, 2, 3, 5, 4, 3, 2, 4, 76, -4, -10, -17//1
-107, -84, -64, -47, -30, -19, -11, -8, -5, -3, -3, -1, -3, -2, -1, -2, -1, -5, -5//1
-79, -66, -50, -34, -23, -12, -9, -6, -6, -6, -5, -5, -6, -3, -4, -3, 73, -4, -5, -5, -9, -16, -27//1
-28, -18, -7, -6, -2, -3, -2, -2, -2, -2, -2, -4, -3, -3, -2, -5, -1, -2, -6, -6, -9, -12//1
-48, -40, -27, -18, -14, -9, -7, -6, -6, -5, -9, -6, -6, -6, -4, -8, -6, -5, -5, -8//1
-26, -22, -17, -12, -9, -6, -5, -3, 0, 1, 2, 2, 3, 1, 1, 1, 1, 0, -0, -1, -4, -7//1
-95, -83, -69, -58, -44, -35, -28, -21, -17, -14, -9, -8, -7, -4, -4, 0, 93, 95, 95, 95, 97, 96, 97, 97, 97, 95//1
3, 12, 21, 31, 42, 53, 61, 68, 75, 79, 83, 85, 87, 91, 91, 93, 78, 79, 78, 80, 81, 80, 81, 81, 79, 78//1
-36, -31, -23, -15, -4, 7, 18, 29, 37, 46, 51, 56, 61, 64, 67, 70, -22, -19, -18, -17, -16, -16, -16, -15, -16//1
-124, -125, -123, -122, -119, -114, -107, -97, -90, -79, -69, -61, -53, -48, -41, -36, -31, -39, -36, -33, -31, -30, -29, -28, -28, -27, -27, -28, -26, -27, -27, -26//1
-156, -154, -153, -147, -140, -132, -120, -108, -97, -83, -72, -63, -55, -50, -42, -39, 71, -38, -35, -31, -31, -30, -28, -30, -29, -31, -31, -28, -28, -29, -30, -32, -31//1
-148, -144, -135, -124, -110, -95, -80, -69, -57, -48, -40, -36, -34, -33, -31, -30, -29, -18, -15, -16, -14, -15, -14, -14, -14, -14, -16, -13, -15, -15//1
-156, -147, -138, -123, -108, -93, -80, -68, -56, -48, -41, -35, -30, -24, -24, -20, -21, -24, -25, -23, -25, -25, -24, -23, -23, -22, -23, -23, -23//1
-112, -108, -106, -101, -95, -87, -79, -68, -59, -52, -48, -42, -38, -33, -32, -29, -17, -15, -15, -12, -13, -13, -13, -12, -12, -11, -13, -14, -12, -13//1
-141, -135, -128, -117, -106, -93, -81, -70, -62, -53, -46, -41, -37, -34, -30, -27, 92, -29, -28, -26, -23, -20, -20, -20, -19, -17, -19, -18, -20, -17, -17, -20, -20, -20, -3, -6, -9//1
-107, -103, -95, -86, -78, -71, -59, -50, -42, -34, -28, -24, -18, -14, -12, -9, 103, -24, -21, -19, -18, -18, -17, -17, -19, -19, -18, -18//1
-132, -125, -114, -103, -91, -80, -68, -60, -51, -45, -41, -37, -34, -32, -29, -27, 73, -18, -17, -17, -14, -14, -13, -14, -12, -14, -14, -12, -13, -14//1
-133, -135, -133, -130, -126, -119, -110, -98, -86, -76, -65, -58, -50, -40, -35, -32, 86, -42, -40, -38, -35, -34, -34, -30, -31, -30, -31, -31, -31//1
-143, -135, -126, -115, -103, -93, -84, -77, -67, -62, -55, -51, -45, -41, -40, -37, 47, 50, 52, 53, 52, 52, 54, 52, 52, 52, 52, 52, 53, 53, 51, 47, 44//1
-117, -117, -111, -101, -89, -76, -66, -56, -47, -37, -28, -23, -19, -16, -12, -10, -6, 111, 115, 119, 117, 120, 117, 119, 118, 117, 118, 119, 117, 117, 117, 115//1
30, 39, 48, 59, 69, 78, 85, 94, 98, 104, 108, 109, 114, 114, 114, 115, 114, -11, -11, -10, -11, -9, -9, -9, -8, -8, -9, -8, -9, -11//1
-66, -59, -50, -39, -28, -18, -12, -8, -3, -3, 0, 4, 4, 6, 5, 4, 38, -5, -4, -4, -3, -7, -7, -9, -8//1
-94, -94, -93, -88, -79, -70, -59, -47, -35, -26, -18, -14, -10, -7, -6, -7, -6, -23, -22, -21, -20, -19, -21, -21, -20, -22, -23//1
-88, -89, -92, -88, -85, -76, -66, -61, -54, -47, -43, -34, -29, -28, -25, -23, -22, -17, -19, -17, -17, -18, -18, -18, -19, -19, -16, -18, -17, -16//1
-65, -57, -43, -35, -30, -24, -23, -23, -21, -22, -20, -20, -20, -21, -20, -20, 19, -3, -1, -5, -5, -7, -6, -6, -8//1
-64, -51, -37, -28, -19, -16, -12, -9, -11, -8, -8, -6, -6, -4, -3, -3, 55, -8, -6, -7, -6, -7, -6, -6, -10//1
-70, -54, -38, -25, -14, -11, -7, -8, -5, -5, -3, -5, -3, -6, -3, -3, 57, 58, 56, 56, 54, 53, 51, 50//1
-25, -11, 5, 18, 32, 40, 46, 48, 49, 51, 50, 52, 52, 53, 54, 54, 55, -6, -6, -7, -6, -5, -7, -7, -9//1
-69, -56, -43, -32, -22, -15, -12, -11, -10, -9, -7, -5, -9, -9, -5, -7, -7, -5, -5, -5, -5, -5, -3, -5, -4//1
-92, -82, -70, -56, -45, -35, -23, -19, -12, -9, -7, -8, -7, -5, -5, -5, 82, 81, 82, 82, 81, 81, 79, 81, 80, 79, 79//1
-7, 9, 27, 43, 56, 65, 71, 73, 74, 77, 78, 80, 82, 83, 87, 87, 86, 82, 82, 80, 80, 80, 79, 78, 77//1
-5, 13, 27, 40, 50, 57, 62, 66, 66, 67, 68, 71, 72, 74, 75, 74, 69, -13, -14, -15, -14, -13, -14, -15, -16, -19, -22//1
-72, -60, -50, -41, -32, -26, -23, -20, -17, -15, -13, -12, -11, -10, -9, -8, -8, -7, -7, -8, -10, -9, -10, -13, -17, -21, -30//1
-85, -77, -66, -58, -48, -38, -30, -27, -20, -18, -13, -11, -11, -10, -10, -6, -4, -5, -6, -7, -6, -6, -6, -8, -9, -11, -17//1
-115, -121, -122, -121, -124, -124, -121, -123, -122, -123, -121, -112, -98, -81, -63, -49, -42, -72, -68, -64, -60, -57, -56, -54, -55, -54, -53, -54, -54//1
-120, -107, -93, -81, -72, -67, -64, -63, -60, -56, -56, -56, -56, -56, -56, -56, -36, -36, -36, -36, -36, -39, -43, -46//1
-118, -105, -94, -81, -70, -59, -53, -52, -48, -45, -42, -40, -38, -36, -36, -35, -33, -17, -16, -18, -18, -16, -16, -18//1
-74, -65, -54, -45, -34, -29, -23, -24, -17, -17, -16, -15, -13, -14, -12, -13, -13, -8, -7, -8, -7, -10, -7, -7, -7, -7, -9//1
-77, -66, -55, -42, -29, -21, -16, -13, -6, -8, -8, -7, -7, -7, -7, -7, 60, -5, -4, -8, -9, -14, -18, -19, -24, -25, -27, -25, -27, -28, -29, -29, -29, -30//1
-45, -33, -21, -13, -7, -2, 2, 1, 1, 1, 4, -0, 3, 4, 1, 1, 22, 23, 20, 20, 20, 19, 19, 16//1
-17, -6, 3, 11, 16, 19, 23, 23, 22, 19, 23, 21, 22, 22, 20, 21, 22, -4, -3, -3, -3, -3, -2, -4, -3, -9//1
-60, -51, -37, -25, -16, -10, -6, -3, -2, -0, -0, -3, -2, -2, -2, -3, -1, -3, -3, -5, -3, -5//1
-52, -46, -39, -31, -24, -17, -13, -10, -6, -6, -6, -5, -6, -5, -6, -5, 44, 44, 43, 43, 43, 45, 42, 43, 45, 42//1
-5, 5, 16, 27, 35, 40, 41, 45, 44, 45, 45, 46, 46, 44, 44, 43, 42, 42, 42, 42, 42, 44, 44, 42, 42, 42, 42//1
-14, -11, -5, -1, 6, 15, 23, 31, 34, 37, 42, 42, 45, 44, 43, 45, 52, 52, 51, 51, 53, 53, 53, 53, 53, 53, 50//1
-13, -11, -3, 6, 11, 20, 27, 32, 39, 43, 46, 48, 49, 51, 51, 53, 51, -12, -14, -12, -12, -12, -14, -12, -12, -15, -12, -13//1
-62, -57, -49, -42, -34, -29, -23, -19, -17, -15, -15, -14, -15, -13, -14, -13, -15, -8, -6, -8, -7, -6, -8, -7, -8, -7//1
-63, -67, -67, -65, -63, -63, -59, -53, -46, -37, -35, -29, -23, -21, -18, -16, -13, -28, -26, -24, -23, -20, -21, -22, -21, -21, -22, -23, -21, -23, -21, -22, -21, -21, -4//1
-27, -25, -20, -14, -9, -7, -5, -6, -3, -3, -4, -2, -2, -2, -4, -4, -1, -2, -2, -2, -1, -2, -0, -1, -2, -2, -3, -0, -3, -1//1
-64, -61, -53, -44, -36, -27, -20, -16, -12, -11, -8, -6, -4, -5, -5, -3, -5, 57, 58, 57, 58, 58, 56, 56, 57, 57, 56//1
9, 14, 21, 32, 39, 42, 48, 51, 53, 54, 52, 57, 59, 59, 58, 58, 57, -8, -6, -8, -5, -6, -8, -6, -8, -8, -8, -9, -8, -7//1
-83, -75, -64, -56, -47, -37, -29, -24, -21, -17, -14, -13, -10, -10, -11, -10, -9, -9, -9, -8, -9, -10, -9, -9, -10, -9, -7, -7, -8, -8, -7//1
-76, -76, -72, -66, -60, -49, -41, -32, -24, -20, -15, -12, -9, -9, -7, -7, -7, -15, -13, -14, -14, -14, -14, -13, -12, -14, -14, -14//1
-90, -85, -75, -65, -53, -45, -38, -30, -24, -22, -17, -16, -14, -14, -12, -14, -13, -12, -10, -8, -10, -11, -10, -10, -10, -10, -10, -10, -10//1
-78, -77, -73, -67, -59, -48, -38, -31, -26, -23, -19, -18, -16, -15, -13, -13, -12, -13, -14, -14, -13, -13, -11, -13, -14, -13, -13, -14, -13, -13, -13//1
-80, -76, -67, -57, -46, -38, -30, -25, -21, -18, -16, -15, -12, -12, -11, -12, -10, -11, -12, -10, -11, -12, -10, -11, -10, -10, -10, -11//1
-94, -80, -65, -50, -38, -27, -22, -16, -13, -13, -11, -10, -9, -8, -6, -8, -5, -5, -5, -7, -5, -7, -9, -12, -17//1
-77, -68, -54, -45, -33, -24, -19, -15, -11, -9, -8, -9, -6, -6, -6, -8, 65, -6, -8, -8, -9, -11, -8, -11, -12//1
-61, -50, -36, -28, -23, -16, -16, -11, -8, -9, -8, -6, -6, -5, -5, -7, 50, 49, 50, 48, 49, 47, 44, 39, 35, 28//1
-49, -45, -38, -32, -21, -11, -2, 9, 20, 25, 33, 38, 42, 43, 43, 45, 47, -21, -22, -21, -20, -18, -20, -18, -19, -19, -18, -17, -17, -16, -17, -18//1
-82, -72, -64, -52, -45, -36, -30, -24, -21, -19, -17, -19, -18, -18, -18, -18, 39, -4, -4, -5, -4, -5, -4, -7, -10//1
-74, -67, -58, -46, -34, -24, -15, -16, -11, -8, -6, -7, -7, -7, -6, -9, -7, -7, -7, -7, -7, -9, -11, -15//1
-65, -54, -43, -34, -24, -14, -9, -8, -8, -8, -7, -8, -7, -8, -7, -9, -7, 52, 51, 50, 53, 51, 52, 51, 48, 49, 45//1
-27, -19, -10, 3, 15, 25, 32, 38, 41, 46, 46, 46, 46, 48, 48, 47, 71, -10, -11, -11, -10, -8, -7, -7, -7, -7, -7, -7, -6, -7, -7//1
-66, -54, -40, -29, -21, -13, -9, -7, -5, -7, -7, -6, -5, -5, -5, -6, -4, -3, -1, -3, -2, -2, -2, -1, -2, -3, -1, -1//1
-75, -70, -61, -51, -42, -31, -26, -20, -14, -10, -7, -4, -5, -4, -4, -4, 71, -9, -8, -9, -7, -8, -9, -9, -9, -9, -10, -9, -9, -8, -11//1
-95, -90, -84, -74, -63, -49, -34, -24, -16, -15, -10, -10, -10, -9, -9, -9, -10, -6, -8, -7, -5, -6, -6, -6, -6, -6, -7, -7, -9//1
-87, -73, -59, -45, -33, -23, -19, -14, -12, -10, -9, -8, -9, -8, -7, -11, 72, 73, 72, 72, 72, 72, 72, 70, 69, 69, 69, 67, 67, 65, 67, 67, 67//1
-64, -57, -46, -35, -23, -15, -12, -7, -4, -1, -1, 0, 0, -1, 0, -1, -1, -5, -6, -6, -5, -5, -3, -5, -5, -4, -6, -6, -9, -9, -9, -8, -11, -12//1
-77, -72, -65, -55, -43, -28, -15, -7, -2, -1, -1, -1, -2, -3, -2, -0, -4, -6, -6, -4, -4, -5, -4, -5, -4, -6, -7, -7//1
-72, -71, -64, -55, -43, -32, -23, -16, -13, -9, -10, -7, -7, -4, -4, -1, 66, -8, -6, -8, -7, -7, -9, -9, -11, -17, -22, -27//1
-79, -72, -62, -52, -41, -32, -26, -23, -19, -17, -18, -14, -14, -12, -10, -7, -8, -8, -7, -6, -7, -7, -7, -11, -10, -13, -14, -17, -22, -27//1
-85, -76, -67, -53, -41, -28, -19, -15, -10, -10, -9, -10, -10, -9, -10, -9, -7, -5, -3, -4, -4, -4, -4, -5, -4, -4, -3, -4, -4, -4, -4, -4, -4, -5, -5//1
-60, -53, -45, -39, -31, -27, -25, -22, -21, -19, -19, -17, -16, -14, -12, -11, -9, -14, -14, -11, -12, -12, -11, -14, -14, -14, -13, -14, -15, -14, -17, -19//1
-71, -62, -52, -45, -37, -31, -27, -23, -22, -19, -17, -13, -14, -12, -9, -9, -7, -13, -11, -13, -11, -13, -13, -13, -13, -16//1
-104, -91, -75, -68, -61, -55, -45, -38, -33, -26, -22, -20, -18, -16, -16, -14, 76, 77, 77, -21, -20, -21, -21, -20, -18, -21//1
-124, -107, -90, -74, -62, -54, -46, -39, -34, -29, -26, -26, -22, -25, -21, -21, -9, -8, -10, -8, -9, -9, -9, -9//1
-83, -69, -56, -47, -38, -33, -28, -25, -20, -19, -20, -16, -15, -11, -11, -12, -8, -13, -12, -10, -13, -12, -13//1
-110, -104, -95, -80, -65, -53, -43, -36, -30, -26, -25, -19, -20, -17, -17, -16, -15, -13, -11, -12, -13, -13, -12, -12, -13, -16, -19, -23, -27//1
-139, -125, -100, -79, -61, -50, -42, -35, -27, -22, -19, -18, -17, -15, -13, -13, -13, 110, 113, 111, 112, 113, 115, 114, 111, 109, 109, 109, 107, 107, 107, 105, 107, 105, -8//1
-118, -107, -90, -65, -48, -34, -25, -17, -12, -9, -5, -3, -1, -3, -2, -1, 108, 109, 110, 110, 109, 108, 109, 108, 109, 109//1
44, 54, 68, 80, 90, 98, 103, 108, 109, 112, 112, 114, 114, 113, 113, 112, 112, -1, -1, -4, -5, -6, -10, -15//1
-73, -60, -49, -37, -24, -17, -9, -6, -5, -2, -4, -4, -3, -4, -4, -4, -3, -1, -2, -4, -4, -5, -7//1
-59, -52, -44, -30, -21, -13, -12, -8, -6, -5, -3, -2, -1, -1, -1, -2, 1, -2, -2, -3, -3, -2, -5//1
-46, -36, -22, -16, -12, -8, -5, -5, -3, -4, -3, -3, -2, -3, -3, -3, 39, -2, -5, -3, -3, -3, -2//1
-49, -37, -32, -25, -22, -14, -11, -8, -6, -5, -0, -2, -1, -0, -0, -0, 1, 48, 48, 47, 47, 45, 42, 42, 39, 36, 34, 32, 26, 24, 20, 16, 11//1
-67, -54, -46, -35, -24, -18, -10, -5, -2, 2, 1, 3, 4, 4, 6, 5, 7, -5, -3, -6, -7, -9, -14//1
-93, -76, -64, -53, -45, -36, -27, -20, -18, -13, -11, -9, -6, -4, -6, -3, -2, 84, 84, 82, 84, 84, 83, 84, 84, 83, 83, 84, 83, 78, 77//1
6, 18, 25, 33, 43, 53, 64, 68, 71, 78, 79, 81, 83, 84, 83, 83, 85, -4, -4, -5, -5, -6, -6, -7, -8, -11//1
-97, -89, -82, -68, -60, -49, -44, -36, -35, -32, -32, -29, -28, -29, -27, -27, 52, 52, 50, 51, 50, 50, 45, 43, 42//1
-4, 8, 18, 28, 36, 39, 43, 45, 47, 47, 47, 47, 47, 48, 47, 47, 47, -1, -1, -2, -3, -1, -2, -2, -3, -3, -5, -8, -14, -25//1
-70, -60, -47, -34, -23, -15, -9, -4, -3, -2, -1, -2, -1, -2, -4, -2, -3, 0, -0, -1, -1, -2, -3, -6, -11//1
-62, -51, -41, -29, -19, -12, -6, -4, -5, -3, -2, -4, -4, -3, -4, -3, -2, -6, -6, -6, -7, -11, -12, -13, -20//1
-61, -49, -40, -29, -22, -17, -13, -11, -10, -6, -5, -4, -3, -4, -2, -3, 53, -4, -7, -5, -4, -6, -7, -12, -15, -19, -20, -22, -25, -28, -28//1
-59, -43, -32, -22, -13, -12, -9, -8, -8, -9, -8, -8, -6, -7, -7, -8, -5, -4, -4, -4, -6, -10, -13//1
-51, -45, -34, -24, -17, -11, -7, -4, -4, -5, -3, -4, -3, -4, -6, -4, -2, -3, -1, -2, -2, -2, -2, -5, -4, -8//1
-61, -50, -41, -31, -22, -15, -8, -3, -4, -4, -1, -4, -2, -4, -3, -2, -3, -5, -4, -6, -4, -4, -7, -6, -2, -7, -4, -4, -7//1
-39, -34, -31, -28, -24, -22, -17, -15, -12, -10, -7, -7, -1, 1, -1, 0, 35, 34, 35, 33, 32, 33, 30, 30, 30, 27, 27, 26, 28, 29, 27, 28, 29, -9, -6, -6, -4, -4, -3, -6, -3, -2//1
-121, -111, -95, -80, -64, -53, -40, -28, -20, -17, -14, -11, -6, -7, -2, -1, -2, -12, -12, -11, -13, -11, -12//1
-59, -54, -50, -45, -37, -32, -30, -26, -23, -20, -17, -15, -15, -13, -12, -12, 34, -6, -7, -8, -8, -7, -8, -8//1
-64, -56, -48, -42, -33, -28, -22, -17, -17, -12, -13, -12, -9, -9, -6, -7, -7, -6, -5, -6, -5, -6, -5, -5, -7, -8//1
-92, -84, -80, -72, -67, -64, -58, -52, -46, -45, -40, -34, -29, -27, -25, -20, -20, -26, -25, -22, -19, -18, -17, -17, -15, -15, -15, -14, -15, -15, -17//1
-106, -100, -87, -78, -69, -61, -53, -46, -41, -35, -31, -29, -25, -25, -22, -22, -14, -17, -14, -14, -14, -15, -12, -14//1
-103, -102, -96, -89, -84, -75, -63, -53, -42, -36, -33, -28, -22, -21, -21, -20, 67, -23, -23, -21, -21, -19, -19, -18, -18//1
-94, -88, -81, -73, -64, -55, -49, -42, -33, -31, -29, -24, -21, -19, -18, -20, -18, -12, -13, -12, -13, -12, -11, -12, -12, -14//1
-94, -91, -87, -81, -74, -68, -61, -55, -48, -44, -40, -38, -32, -32, -30, -27, -24, -21, -21, -20, -17, -17, -13, -17, -15, -14, -13, -14, -13, -14, -14//1
-93, -89, -81, -75, -67, -59, -54, -47, -42, -40, -32, -30, -26, -23, -22, -20, -17, -19, -17, -16, -17, -15, -13, -14, -14, -11, -15, -14, -16//1
-89, -85, -80, -71, -65, -53, -44, -34, -28, -23, -20, -17, -14, -13, -17, -15, -11, -11, -11, -12, -13, -10, -11, -11, -12, -13, -15//1
-97, -86, -77, -71, -63, -57, -52, -47, -41, -35, -28, -22, -19, -16, -14, -13, -12, -18, -17, -17, -17, -17, -17, -17, -16, -17, -18, -16, -17//1